13279 664
13280 424
13281 664
13282 254
13283 725
13284 2
13285 240
13286 670
13287 675
13288 100
13289 378
13290 672
13291 671
13292 360
13293 670
13294 671
13295 634
13296 2
13297 671
13298 33
13299 670
13300 17
13301 634
13302 664
13303 670
13304 10
13305 33
13306 675
13307 62
13308 187
13309 675
13310 664
13311 670
13312 256
13313 187
13314 670
13315 672
13316 664
13317 672
13318 672
13319 346
13320 675
13321 670
13322 664
13323 16
13324 439
13325 16
13326 671
13327 617
13328 673
13329 671
13330 101
13331 671
13332 671
13333 103
13334 25
13335 664
13336 664
13337 675
13338 676
13339 671
13340 352
13341 33
13342 634
13343 352
13344 670
13345 664
13346 670
13347 670
13348 664
13349 33
13350 672
13351 664
13352 670
13353 670
13354 675
13355 33
13356 671
13357 677
13358 352
13359 634
13360 680
13361 25
13362 103
13363 670
13364 675
13365 664
13366 634
13367 664
13368 49
13369 664
13370 101
13371 420
13372 664
13373 634
13374 278
13375 664
13376 675
13377 33
13378 672
13379 33
13380 33
13381 664
13382 25
13383 634
13384 675
13385 664
13386 352
13387 671
13388 664
13389 664
13390 634
13391 675
13392 672
13393 670
13394 672
13395 671
13396 672
13397 244
13398 617
13399 634
13400 2
13401 634
13402 9
13403 675
13404 675
13405 360
13406 103
13407 634
13408 352
13409 634
13410 664
13411 670
13412 670
13413 680
13414 240
13415 103
13416 634
13417 677
13418 672
13419 672
13420 97
13421 10
13422 256
13423 352
13424 672
13425 664
13426 187
13427 675
13428 420
13429 675
13430 497
13431 664
13432 352
13433 671
13434 675
13435 672
13436 360
13437 617
13438 33
13439 634
13440 664
13441 671
13442 671
13443 680
13444 671
13445 634
13446 671
13447 672
13448 675
13449 57
13450 33
13451 675
13452 10
13453 675
13454 670
13455 370
13456 352
13457 439
13458 10
13459 676
13460 671
13461 634
13462 65
13463 634
13464 634
13465 634
13466 664
13467 634
13468 103
13469 240
13470 25
13471 100
13472 33
13473 33
13474 33
13475 672
13476 672
13477 675
13478 240
13479 634
13480 187
13481 352
13482 352
13483 16
13484 670
13485 664
13486 634
13487 672
13488 675
13489 672
13490 10
13491 675
13492 675
13493 370
13494 675
13495 675
13496 254
13497 254
13498 671
13499 599
13500 103
13501 9
13502 634
13503 17
13504 675
13505 634
13506 370
13507 634
13508 675
13509 664
13510 101
13511 664
13512 256
13513 25
13514 634
13515 664
13516 2
13517 634
13518 634
13519 599
13520 33
13521 634
13522 33
13523 671
13524 101
13525 664
13526 675
13527 670
13528 33
13529 664
13530 346
13531 675
13532 671
13533 256
13534 2
13535 599
13536 352
13537 25
13538 617
13539 33
13540 62
13541 664
13542 671
13543 634
13544 253
13545 664
13546 671
13547 671
13548 278
13549 256
13550 675
13551 634
13552 187
13553 671
13554 671
13555 101
13556 664
13557 360
13558 677
13559 675
13560 33
13561 675
13562 25
13563 240
13564 634
13565 664
13566 675
13567 675
13568 664
13569 33
13570 352
13571 670
13572 439
13573 352
13574 497
13575 238
13576 675
13577 278
13578 671
13579 253
13580 676
13581 352
13582 672
13583 664
13584 62
13585 680
13586 634
13587 634
13588 33
13589 103
13590 256
13591 664
13592 240
13593 664
13594 25
13595 10
13596 352
13597 352
13598 424
13599 664
13600 671
13601 634
13602 675
13603 256
13604 664
13605 634
13606 680
13607 238
13608 675
13609 360
13610 100
13611 634
13612 97
13613 664
13614 634
13615 664
13616 16
13617 256
13618 664
13619 100
13620 680
13621 2
13622 38
13623 670
13624 497
13625 664
13626 634
13627 278
13628 672
13629 672
13630 672
13631 100
13632 370
13633 675
13634 675
13635 670
13636 352
13637 670
13638 360
13639 25
13640 599
13641 617
13642 672
13643 240
13644 634
13645 671
13646 672
13647 675
13648 672
13649 37
13650 360
13651 33
13652 256
13653 672
13654 680
13655 439
13656 370
13657 250
13658 634
13659 33
13660 360
13661 682
13662 671
13663 256
13664 675
13665 671
13666 33
13667 2
13668 103
13669 33
13670 33
13671 671
13672 352
13673 634
13674 670
13675 634
13676 370
13677 683
13678 671
13679 2
13680 675
13681 664
13682 664
13683 664
13684 675
13685 672
13686 671
13687 33
13688 424
13689 671
13690 2
13691 675
13692 671
13693 187
13694 634
13695 671
13696 33
13697 2
13698 672
13699 671
13700 664
13701 256
13702 352
13703 670
13704 101
13705 671
13706 103
13707 664
13708 675
13709 634
13710 97
13711 675
13712 670
13713 680
13714 100
13715 664
13716 10
13717 675
13718 671
13719 238
13720 278
13721 671
13722 664
13723 439
13724 634
13725 671
13726 664
13727 187
13728 675
13729 634
13730 352
13731 670
13732 37
13733 664
13734 675
13735 278
13736 664
13737 101
13738 634
13739 671
13740 672
13741 664
13742 25
13743 634
13744 424
13745 25
13746 16
13747 670
13748 664
13749 664
13750 25
13751 671
13752 726
13753 352
13754 677
13755 634
13756 664
13757 672
13758 352
13759 675
13760 664
13761 103
13762 672
13763 672
13764 100
13765 664
13766 16
13767 634
13768 254
13769 672
13770 664
13771 664
13772 634
13773 103
13774 634
13775 675
13776 675
13777 634
13778 664
13779 10
13780 664
13781 664
13782 672
13783 664
13784 671
13785 672
13786 10
13787 103
13788 672
13789 187
13790 634
13791 352
13792 360
13793 664
13794 439
13795 10
13796 673
13797 684
13798 439
13799 2
13800 664
13801 672
13802 599
13803 672
13804 16
13805 671
13806 671
13807 671
13808 673
13809 672
13810 25
13811 101
13812 101
13813 439
13814 9
13815 256
13816 672
13817 671
13818 2
13819 677
13820 352
13821 672
13822 256
13823 634
13824 664
13825 256
13826 664
13827 671
13828 634
13829 675
13830 634
13831 33
13832 671
13833 664
13834 671
13835 103
13836 671
13837 634
13838 187
13839 187
13840 664
13841 675
13842 352
13843 439
13844 352
13845 672
13846 439
13847 671
13848 671
13849 634
13850 187
13851 10
13852 670
13853 664
13854 664
13855 25
13856 664
13857 634
13858 634
13859 675
13860 664
13861 33
13862 672
13863 103
13864 360
13865 424
13866 33
13867 675
13868 672
13869 664
13870 360
13871 673
13872 370
13873 671
13874 672
13875 33
13876 664
13877 664
13878 671
13879 2
13880 671
13881 634
13882 634
13883 664
13884 187
13885 672
13886 25
13887 671
13888 671
13889 675
13890 672
13891 676
13892 634
13893 675
13894 634
13895 672
13896 670
13897 634
13898 187
13899 672
13900 680
13901 634
13902 2
13903 634
13904 672
13905 238
13906 675
13907 671
13908 672
13909 10
13910 352
13911 599
13912 675
13913 675
13914 670
13915 617
13916 2
13917 673
13918 352
13919 670
13920 278
13921 49
13922 113
13923 673
13924 670
13925 672
13926 672
13927 33
13928 363
13929 672
13930 671
13931 599
13932 617
13933 33
13934 664
13935 677
13936 671
13937 672
13938 634
13939 671
13940 664
13941 664
13942 25
13943 677
13944 672
13945 677
13946 10
13947 10
13948 680
13949 670
13950 675
13951 664
13952 634
13953 224
13954 672
13955 670
13956 672
13957 634
13958 675
13959 634
13960 634
13961 2
13962 33
13963 675
13964 370
13965 664
13966 101
13967 671
13968 103
13969 672
13970 683
13971 33
13972 680
13973 672
13974 370
13975 100
13976 2
13977 256
13978 670
13979 439
13980 352
13981 664
13982 187
13983 675
13984 634
13985 254
13986 675
13987 634
13988 672
13989 671
13990 670
13991 103
13992 675
13993 103
13994 672
13995 671
13996 256
13997 670
13998 256
13999 634
14000 670
14001 33
14002 683
14003 101
14004 675
14005 675
14006 439
14007 187
14008 352
14009 671
14010 256
14011 634
14012 617
14013 240
14014 2
14015 675
14016 675
14017 78
14018 617
14019 617
14020 675
14021 634
14022 664
14023 664
14024 664
14025 420
14026 634
14027 671
14028 25
14029 671
14030 664
14031 352
14032 352
14033 352
14034 634
14035 100
14036 671
14037 352
14038 672
14039 33
14040 360
14041 672
14042 103
14043 672
14044 675
14045 278
14046 617
14047 9
14048 670
14049 2
14050 33
14051 634
14052 10
14053 670
14054 634
14055 634
14056 634
14057 672
14058 664
14059 9
14060 634
14061 2
14062 25
14063 439
14064 672
14065 672
14066 240
14067 671
14068 670
14069 240
14070 103
14071 2
14072 634
14073 634
14074 664
14075 101
14076 634
14077 671
14078 634
14079 675
14080 634
14081 672
14082 424
14083 664
14084 664
14085 671
14086 352
14087 370
14088 101
14089 634
14090 677
14091 254
14092 683
14093 360
14094 278
14095 634
14096 10
14097 360
14098 33
14099 253
14100 672
14101 675
14102 672
14103 33
14104 256
14105 680
14106 675
14107 634
14108 360
14109 672
14110 672
14111 672
14112 671
14113 238
14114 103
14115 33
14116 664
14117 33
14118 671
14119 62
14120 677
14121 670
14122 617
14123 675
14124 675
14125 664
14126 675
14127 352
14128 240
14129 675
14130 249
14131 664
14132 33
14133 672
14134 439
14135 672
14136 671
14137 634
14138 680
14139 670
14140 360
14141 634
14142 370
14143 634
14144 634
14145 352
14146 664
14147 671
14148 97
14149 671
14150 664
14151 352
14152 33
14153 675
14154 16
14155 671
14156 672
14157 360
14158 256
14159 675
14160 187
14161 675
14162 352
14163 439
14164 671
14165 33
14166 673
14167 671
14168 671
14169 671
14170 664
14171 664
14172 664
14173 670
14174 249
14175 33
14176 617
14177 187
14178 25
14179 670
14180 100
14181 100
14182 634
14183 664
14184 671
14185 278
14186 634
14187 675
14188 33
14189 617
14190 634
14191 224
14192 634
14193 664
14194 240
14195 264
14196 671
14197 671
14198 25
14199 370
14200 634
14201 664
14202 256
14203 675
14204 256
14205 599
14206 677
14207 187
14208 671
14209 683
14210 10
14211 672
14212 664
14213 10
14214 103
14215 253
14216 101
14217 672
14218 2
14219 9
14220 103
14221 240
14222 671
14223 97
14224 677
14225 664
14226 278
14227 2
14228 675
14229 664
14230 672
14231 10
14232 675
14233 670
14234 675
14235 671
14236 680
14237 352
14238 664
14239 187
14240 672
14241 634
14242 424
14243 256
14244 634
14245 634
14246 672
14247 360
14248 187
14249 672
14250 664
14251 352
14252 634
14253 672
14254 10
14255 360
14256 187
14257 671
14258 671
14259 101
14260 103
14261 187
14262 671
14263 634
14264 2
14265 187
14266 671
14267 103
14268 671
14269 264
14270 238
14271 670
14272 675
14273 101
14274 352
14275 10
14276 97
14277 253
14278 634
14279 634
14280 672
14281 675
14282 664
14283 675
14284 670
14285 634
14286 352
14287 672
14288 634
14289 664
14290 634
14291 360
14292 664
14293 346
14294 2
14295 187
14296 103
14297 675
14298 278
14299 664
14300 254
14301 103
14302 664
14303 240
14304 103
14305 599
14306 671
14307 424
14308 66
14309 664
14310 664
14311 672
14312 664
14313 25
14314 9
14315 62
14316 424
14317 25
14318 670
14319 103
14320 671
14321 675
14322 671
14323 664
14324 16
14325 187
14326 634
14327 675
14328 360
14329 670
14330 672
14331 85
14332 240
14333 370
14334 33
14335 671
14336 617
14337 675
14338 672
14339 671
14340 352
14341 103
14342 634
14343 680
14344 256
14345 103
14346 33
14347 675
14348 256
14349 672
14350 672
14351 675
14352 2
14353 103
14354 664
14355 103
14356 62
14357 439
14358 675
14359 673
14360 672
14361 672
14362 240
14363 670
14364 675
14365 634
14366 103
14367 78
14368 670
14369 352
14370 418
14371 664
14372 670
14373 103
14374 240
14375 256
14376 672
14377 115
14378 634
14379 439
14380 103
14381 672
14382 671
14383 664
14384 671
14385 97
14386 664
14387 10
14388 677
14389 675
14390 675
14391 439
14392 2
14393 675
14394 634
14395 670
14396 671
14397 33
14398 664
14399 664
14400 671
14401 634
14402 599
14403 680
14404 664
14405 103
14406 15
14407 599
14408 671
14409 664
14410 664
14411 100
14412 672
14413 634
14414 370
14415 33
14416 187
14417 256
14418 664
14419 672
14420 10
14421 187
14422 103
14423 670
14424 240
14425 33
14426 670
14427 187
14428 671
14429 33
14430 439
14431 664
14432 671
14433 664
14434 634
14435 670
14436 670
14437 677
14438 278
14439 675
14440 2
14441 683
14442 25
14443 634
14444 2
14445 664
14446 672
14447 634
14448 101
14449 675
14450 634
14451 675
14452 664
14453 254
14454 675
14455 664
14456 675
14457 664
14458 664
14459 675
14460 352
14461 634
14462 664
14463 664
14464 358
14465 352
14466 2
14467 664
14468 682
14469 187
14470 187
14471 634
14472 675
14473 664
14474 664
14475 670
14476 497
14477 672
14478 256
14479 634
14480 634
14481 671
14482 360
14483 10
14484 664
14485 675
14486 672
14487 671
14488 675
14489 10
14490 25
14491 675
14492 254
14493 680
14494 670
14495 278
14496 634
14497 113
14498 634
14499 677
14500 664
14501 670
14502 672
14503 675
14504 103
14505 360
14506 634
14507 103
14508 671
14509 664
14510 439
14511 671
14512 33
14513 266
14514 2
14515 664
14516 664
14517 675
14518 256
14519 25
14520 100
14521 673
14522 240
14523 672
14524 634
14525 103
14526 370
14527 664
14528 634
14529 352
14530 675
14531 677
14532 677
14533 664
14534 664
14535 634
14536 256
14537 256
14538 664
14539 675
14540 256
14541 33
14542 10
14543 352
14544 675
14545 672
14546 424
14547 439
14548 2
14549 634
14550 664
14551 9
14552 97
14553 439
14554 25
14555 62
14556 672
14557 634
14558 664
14559 49
14560 683
14561 670
14562 672
14563 680
14564 634
14565 617
14566 250
14567 675
14568 675
14569 370
14570 101
14571 680
14572 675
14573 187
14574 664
14575 664
14576 664
14577 599
14578 103
14579 664
14580 352
14581 671
14582 675
14583 103
14584 634
14585 670
14586 675
14587 352
14588 187
14589 424
14590 101
14591 672
14592 254
14593 673
14594 672
14595 672
14596 360
14597 672
14598 2
14599 664
14600 664
14601 617
14602 671
14603 675
14604 634
14605 634
14606 664
14607 672
14608 683
14609 352
14610 33
14611 634
14612 266
14613 672
14614 664
14615 33
14616 671
14617 103
14618 25
14619 634
14620 664
14621 672
14622 634
14623 254
14624 675
14625 664
14626 675
14627 675
14628 33
14629 634
14630 672
14631 439
14632 256
14633 664
14634 673
14635 352
14636 33
14637 103
14638 9
14639 634
14640 672
14641 671
14642 664
14643 675
14644 187
14645 664
14646 664
14647 352
14648 634
14649 634
14650 256
14651 670
14652 671
14653 672
14654 676
14655 439
14656 672
14657 672
14658 680
14659 2
14660 256
14661 664
14662 424
14663 677
14664 16
14665 671
14666 352
14667 664
14668 360
14669 671
14670 360
14671 352
14672 439
14673 664
14674 672
14675 670
14676 664
14677 240
14678 675
14679 360
14680 253
14681 33
14682 675
14683 671
14684 675
14685 256
14686 2
14687 424
14688 2
14689 670
14690 187
14691 25
14692 101
14693 664
14694 671
14695 670
14696 33
14697 664
14698 675
14699 664
14700 675
14701 664
14702 634
14703 664
14704 664
14705 675
14706 352
14707 671
14708 672
14709 33
14710 671
14711 677
14712 675
14713 2
14714 33
14715 683
14716 238
14717 664
14718 671
14719 677
14720 671
14721 187
14722 672
14723 360
14724 253
14725 634
14726 634
14727 671
14728 664
14729 670
14730 33
14731 675
14732 424
14733 634
14734 672
14735 670
14736 671
14737 33
14738 634
14739 62
14740 677
14741 100
14742 634
14743 2
14744 634
14745 617
14746 675
14747 634
14748 240
14749 664
14750 664
14751 352
14752 10
14753 680
14754 16
14755 10
14756 62
14757 634
14758 352
14759 621
14760 634
14761 187
14762 617
14763 664
14764 672
14765 256
14766 670
14767 675
14768 62
14769 675
14770 664
14771 675
14772 370
14773 664
14774 103
14775 675
14776 683
14777 670
14778 664
14779 634
14780 672
14781 672
14782 264
14783 238
14784 664
14785 424
14786 62
14787 672
14788 254
14789 2
14790 360
14791 97
14792 672
14793 672
14794 240
14795 634
14796 617
14797 278
14798 370
14799 416
14800 675
14801 33
14802 103
14803 240
14804 352
14805 370
14806 664
14807 680
14808 37
14809 62
14810 9
14811 673
14812 670
14813 634
14814 370
14815 352
14816 672
14817 671
14818 634
14819 240
14820 664
14821 675
14822 675
14823 664
14824 670
14825 240
14826 617
14827 634
14828 664
14829 680
14830 240
14831 278
14832 97
14833 670
14834 634
14835 634
14836 675
14837 671
14838 238
14839 238
14840 25
14841 352
14842 675
14843 103
14844 664
14845 2
14846 634
14847 33
14848 670
14849 672
14850 671
14851 675
14852 675
14853 352
14854 240
14855 672
14856 672
14857 103
14858 634
14859 187
14860 238
14861 664
14862 664
14863 187
14864 97
14865 97
14866 33
14867 664
14868 10
14869 78
14870 675
14871 439
14872 2
14873 187
14874 675
14875 187
14876 103
14877 664
14878 671
14879 664
14880 680
14881 240
14882 672
14883 671
14884 33
14885 672
14886 671
14887 29
14888 256
14889 187
14890 25
14891 671
14892 33
14893 670
14894 246
14895 634
14896 253
14897 634
14898 240
14899 675
14900 675
14901 664
14902 370
14903 103
14904 672
14905 103
14906 680
14907 240
14908 33
14909 671
14910 672
14911 675
14912 634
14913 634
14914 256
14915 187
14916 33
14917 33
14918 617
14919 2
14920 675
14921 240
14922 675
14923 664
14924 2
14925 187
14926 360
14927 675
14928 664
14929 352
14930 634
14931 675
14932 634
14933 278
14934 675
14935 680
14936 278
14937 352
14938 675
14939 664
14940 352
14941 673
14942 664
14943 675
14944 670
14945 675
14946 727
14947 664
14948 439
14949 33
14950 675
14951 672
14952 664
14953 254
14954 634
14955 25
14956 424
14957 33
14958 664
14959 2
14960 2
14961 100
14962 256
14963 672
14964 671
14965 671
14966 100
14967 25
14968 254
14969 352
14970 62
14971 352
14972 634
14973 664
14974 664
14975 671
14976 33
14977 240
14978 10
14979 673
14980 675
14981 33
14982 671
14983 634
14984 617
14985 671
14986 664
14987 684
14988 370
14989 62
14990 672
14991 634
14992 10
14993 33
14994 634
14995 683
14996 680
14997 664
14998 33
14999 424
15000 664
15001 671
15002 352
15003 675
15004 673
15005 670
15006 254
15007 675
15008 360
15009 675
15010 675
15011 101
15012 249
15013 671
15014 664
15015 672
15016 634
15017 278
15018 664
15019 680
15020 634
15021 370
15022 664
15023 256
15024 16
15025 256
15026 673
15027 671
15028 33
15029 33
15030 634
15031 187
15032 664
15033 240
15034 101
15035 672
15036 670
15037 675
15038 103
15039 664
15040 672
15041 664
15042 664
15043 664
15044 671
15045 664
15046 634
15047 670
15048 664
15049 675
15050 352
15051 670
15052 670
15053 10
15054 33
15055 113
15056 634
15057 664
15058 675
15059 675
15060 352
15061 672
15062 664
15063 671
15064 33
15065 103
15066 672
15067 238
15068 250
15069 675
15070 256
15071 2
15072 634
15073 634
15074 101
15075 671
15076 254
15077 671
15078 238
15079 664
15080 671
15081 677
15082 103
15083 187
15084 101
15085 664
15086 671
15087 664
15088 634
15089 671
15090 360
15091 101
15092 672
15093 424
15094 240
15095 33
15096 664
15097 664
15098 664
15099 680
15100 672
15101 671
15102 664
15103 664
15104 672
15105 675
15106 634
15107 634
15108 677
15109 672
15110 10
15111 671
15112 634
15113 352
15114 634
15115 664
15116 10
15117 671
15118 664
15119 671
15120 634
15121 634
15122 439
15123 671
15124 671
15125 103
15126 671
15127 97
15128 254
15129 671
15130 664
15131 675
15132 680
15133 256
15134 664
15135 671
15136 424
15137 100
15138 634
15139 673
15140 664
15141 670
15142 672
15143 33
15144 671
15145 677
15146 352
15147 675
15148 352
15149 101
15150 675
15151 675
15152 664
15153 664
15154 675
15155 675
15156 10
15157 439
15158 634
15159 675
15160 664
15161 244
15162 244
15163 17
15164 17
15165 243
15166 420
15167 420
15168 38
15169 244
15170 55
15171 244
15172 420
15173 420
15174 420
15175 665
