26558 1046
26559 256
26560 634
26561 1200
26562 670
26563 1196
26564 1046
26565 1205
26566 1194
26567 256
26568 40
26569 1195
26570 169
26571 55
26572 1199
26573 1200
26574 1200
26575 1201
26576 1205
26577 378
26578 1205
26579 1048
26580 1046
26581 256
26582 1192
26583 350
26584 1046
26585 634
26586 256
26587 1200
26588 521
26589 43
26590 521
26591 670
26592 521
26593 1046
26594 1046
26595 43
26596 1046
26597 1200
26598 43
26599 670
26600 420
26601 670
26602 802
26603 256
26604 1205
26605 418
26606 1192
26607 1192
26608 1203
26609 1204
26610 1214
26611 1200
26612 256
26613 113
26614 1215
26615 670
26616 256
26617 1205
26618 43
26619 1196
26620 1046
26621 256
26622 670
26623 256
26624 1200
26625 521
26626 1205
26627 256
26628 256
26629 439
26630 199
26631 1046
26632 350
26633 1046
26634 1046
26635 7
26636 670
26637 1195
26638 634
26639 88
26640 369
26641 43
26642 670
26643 256
26644 1046
26645 256
26646 1205
26647 22
26648 256
26649 22
26650 256
26651 1200
26652 256
26653 256
26654 1200
26655 670
26656 634
26657 256
26658 22
26659 40
26660 1203
26661 221
26662 1203
26663 1205
26664 1046
26665 30
26666 521
26667 1196
26668 1046
26669 1046
26670 256
26671 256
26672 256
26673 1204
26674 256
26675 256
26676 256
26677 161
26678 670
26679 1196
26680 1046
26681 229
26682 1286
26683 1200
26684 1046
26685 1198
26686 256
26687 670
26688 256
26689 229
26690 1214
26691 55
26692 256
26693 800
26694 79
26695 1046
26696 634
26697 113
26698 256
26699 1046
26700 1205
26701 229
26702 40
26703 48
26704 1198
26705 361
26706 1214
26707 1200
26708 256
26709 256
26710 1194
26711 256
26712 1046
26713 1200
26714 101
26715 43
26716 1046
26717 1046
26718 670
26719 22
26720 1206
26721 350
26722 1046
26723 1194
26724 161
26725 229
26726 1209
26727 43
26728 670
26729 1195
26730 229
26731 1200
26732 93
26733 521
26734 1194
26735 229
26736 113
26737 1205
26738 256
26739 1214
26740 55
26741 1192
26742 1200
26743 1192
26744 55
26745 634
26746 670
26747 1046
26748 1203
26749 1203
26750 22
26751 1046
26752 256
26753 1200
26754 1205
26755 1200
26756 1198
26757 256
26758 1200
26759 1205
26760 43
26761 1201
26762 1198
26763 256
26764 1211
26765 1196
26766 1196
26767 670
26768 22
26769 250
26770 22
26771 43
26772 256
26773 1205
26774 1204
26775 670
26776 256
26777 256
26778 55
26779 256
26780 256
26781 1046
26782 1046
26783 43
26784 670
26785 1194
26786 1046
26787 1201
26788 1198
26789 1200
26790 1205
26791 1196
26792 113
26793 22
26794 55
26795 802
26796 43
26797 1046
26798 1195
26799 256
26800 1206
26801 361
26802 626
26803 256
26804 512
26805 256
26806 22
26807 1195
26808 1046
26809 43
26810 256
26811 1194
26812 1198
26813 256
26814 256
26815 40
26816 22
26817 1194
26818 256
26819 256
26820 43
26821 1046
26822 1214
26823 369
26824 1046
26825 256
26826 256
26827 1195
26828 1196
26829 1214
26830 43
26831 22
26832 43
26833 55
26834 256
26835 1194
26836 22
26837 1200
26838 43
26839 256
26840 254
26841 55
26842 1205
26843 1198
26844 43
26845 88
26846 670
26847 101
26848 1046
26849 55
26850 1205
26851 22
26852 199
26853 670
26854 256
26855 362
26856 350
26857 256
26858 22
26859 1046
26860 1046
26861 161
26862 40
26863 670
26864 1214
26865 43
26866 1213
26867 256
26868 1205
26869 1044
26870 22
26871 1196
26872 244
26873 256
26874 1203
26875 1214
26876 43
26877 1205
26878 43
26879 1194
26880 1192
26881 1201
26882 1214
26883 1214
26884 229
26885 43
26886 1198
26887 256
26888 1200
26889 1195
26890 1195
26891 1198
26892 22
26893 670
26894 43
26895 161
26896 1200
26897 670
26898 43
26899 525
26900 1205
26901 1046
26902 1196
26903 350
26904 1046
26905 1204
26906 43
26907 1205
26908 1046
26909 55
26910 1205
26911 1046
26912 670
26913 1195
26914 256
26915 256
26916 634
26917 22
26918 670
26919 256
26920 256
26921 1308
26922 369
26923 670
26924 43
26925 376
26926 256
26927 1046
26928 670
26929 521
26930 346
26931 634
26932 1192
26933 229
26934 350
26935 1192
26936 1194
26937 1195
26938 1214
26939 1200
26940 101
26941 256
26942 1214
26943 278
26944 1046
26945 670
26946 43
26947 1205
26948 1198
26949 1214
26950 40
26951 1196
26952 232
26953 43
26954 363
26955 43
26956 256
26957 256
26958 22
26959 256
26960 1205
26961 1196
26962 43
26963 1192
26964 670
26965 670
26966 256
26967 72
26968 256
26969 670
26970 350
26971 1205
26972 256
26973 1046
26974 256
26975 256
26976 1309
26977 670
26978 1046
26979 256
26980 256
26981 1196
26982 43
26983 1046
26984 1200
26985 1205
26986 256
26987 256
26988 521
26989 1046
26990 1196
26991 1196
26992 1046
26993 512
26994 1205
26995 1046
26996 1048
26997 512
26998 43
26999 55
27000 634
27001 1200
27002 119
27003 256
27004 1205
27005 43
27006 43
27007 1200
27008 1195
27009 670
27010 1195
27011 1196
27012 432
27013 1046
27014 1046
27015 1195
27016 521
27017 22
27018 18
27019 43
27020 588
27021 1214
27022 1214
27023 55
27024 1194
27025 1205
27026 256
27027 256
27028 1046
27029 43
27030 1196
27031 1196
27032 1310
27033 378
27034 101
27035 254
27036 161
27037 1200
27038 1198
27039 1200
27040 634
27041 43
27042 1200
27043 670
27044 1046
27045 1205
27046 1046
27047 256
27048 1218
27049 238
27050 256
27051 350
27052 1214
27053 256
27054 169
27055 1214
27056 1046
27057 1215
27058 1201
27059 1194
27060 1199
27061 22
27062 1195
27063 419
27064 350
27065 221
27066 161
27067 256
27068 1046
27069 670
27070 43
27071 1046
27072 256
27073 22
27074 350
27075 512
27076 1205
27077 670
27078 1204
27079 1196
27080 256
27081 229
27082 1205
27083 1046
27084 670
27085 7
27086 1205
27087 1205
27088 161
27089 670
27090 1046
27091 1205
27092 22
27093 1192
27094 1046
27095 256
27096 1311
27097 1046
27098 1046
27099 1312
27100 1046
27101 43
27102 256
27103 255
27104 1046
27105 1205
27106 22
27107 256
27108 1046
27109 1203
27110 101
27111 1205
27112 1046
27113 1044
27114 1194
27115 1046
27116 1046
27117 45
27118 22
27119 1200
27120 1313
27121 256
27122 43
27123 1194
27124 256
27125 670
27126 670
27127 362
27128 1046
27129 1203
27130 670
27131 634
27132 588
27133 1194
27134 113
27135 30
27136 256
27137 255
27138 1046
27139 1205
27140 22
27141 1221
27142 1046
27143 1046
27144 256
27145 244
27146 1198
27147 256
27148 350
27149 1215
27150 256
27151 670
27152 1205
27153 1192
27154 1205
27155 18
27156 1192
27157 350
27158 169
27159 1200
27160 1046
27161 22
27162 256
27163 22
27164 43
27165 199
27166 43
27167 1298
27168 43
27169 670
27170 43
27171 1046
27172 1205
27173 1200
27174 256
27175 670
27176 1192
27177 238
27178 101
27179 1196
27180 256
27181 1224
27182 350
27183 256
27184 350
27185 22
27186 256
27187 1205
27188 634
27189 1214
27190 1198
27191 1194
27192 670
27193 55
27194 1046
27195 1200
27196 1288
27197 670
27198 256
27199 1195
27200 670
27201 256
27202 1221
27203 1203
27204 1205
27205 256
27206 1214
27207 1200
27208 1057
27209 256
27210 1214
27211 802
27212 1200
27213 161
27214 1206
27215 369
27216 1195
27217 1200
27218 1195
27219 229
27220 256
27221 1196
27222 1201
27223 350
27224 40
27225 1195
27226 670
27227 1205
27228 670
27229 113
27230 1046
27231 256
27232 1205
27233 1046
27234 634
27235 378
27236 1205
27237 43
27238 22
27239 254
27240 1192
27241 256
27242 1214
27243 43
27244 256
27245 1314
27246 256
27247 256
27248 1046
27249 256
27250 256
27251 161
27252 670
27253 350
27254 1214
27255 43
27256 1214
27257 256
27258 256
27259 43
27260 0
27261 1205
27262 512
27263 22
27264 43
27265 731
27266 670
27267 43
27268 43
27269 1046
27270 1046
27271 1214
27272 1192
27273 43
27274 626
27275 169
27276 1315
27277 256
27278 43
27279 43
27280 1227
27281 670
27282 1298
27283 113
27284 1046
27285 1214
27286 934
27287 1215
27288 1046
27289 1195
27290 1316
27291 1195
27292 1046
27293 521
27294 22
27295 256
27296 1198
27297 169
27298 119
27299 670
27300 244
27301 956
27302 1046
27303 256
27304 256
27305 22
27306 802
27307 1200
27308 1195
27309 1046
27310 256
27311 22
27312 1046
27313 1195
27314 1205
27315 161
27316 634
27317 683
27318 1046
27319 670
27320 22
27321 43
27322 1195
27323 22
27324 670
27325 43
27326 1046
27327 43
27328 55
27329 1200
27330 1194
27331 1046
27332 1203
27333 432
27334 1046
27335 256
27336 634
27337 1046
27338 1205
27339 1196
27340 256
27341 670
27342 1200
27343 1046
27344 223
27345 43
27346 670
27347 1205
27348 861
27349 1046
27350 670
27351 256
27352 670
27353 256
27354 256
27355 256
27356 43
27357 1194
27358 634
27359 1194
27360 113
27361 1317
27362 1194
27363 43
27364 350
27365 1214
27366 1194
27367 1204
27368 1046
27369 224
27370 256
27371 256
27372 119
27373 43
27374 1046
27375 2
27376 256
27377 1195
27378 1196
27379 1195
27380 43
27381 1196
27382 1046
27383 256
27384 43
27385 256
27386 238
27387 43
27388 1196
27389 670
27390 1215
27391 670
27392 256
27393 43
27394 1200
27395 256
27396 1205
27397 670
27398 350
27399 369
27400 1046
27401 256
27402 1205
27403 256
27404 616
27405 101
27406 1214
27407 1194
27408 352
27409 1214
27410 101
27411 346
27412 1200
27413 1194
27414 256
27415 670
27416 113
27417 1203
27418 670
27419 1046
27420 350
27421 256
27422 1214
27423 30
27424 113
27425 22
27426 670
27427 256
27428 1046
27429 634
27430 229
27431 1318
27432 1194
27433 1205
27434 39
27435 499
27436 161
27437 1046
27438 1194
27439 43
27440 43
27441 1196
27442 360
27443 1046
27444 22
27445 55
27446 1196
27447 361
27448 256
27449 1046
27450 1046
27451 256
27452 1203
27453 256
27454 43
27455 1200
27456 1200
27457 1319
27458 1046
27459 521
27460 256
27461 670
27462 1046
27463 1205
27464 1214
27465 1205
27466 161
27467 1046
27468 43
27469 1195
27470 616
27471 1194
27472 670
27473 256
27474 1205
27475 521
27476 1046
27477 512
27478 1198
27479 634
27480 256
27481 1046
27482 254
27483 256
27484 256
27485 360
27486 1046
27487 55
27488 1205
27489 1194
27490 1201
27491 1211
27492 1194
27493 43
27494 1215
27495 1200
27496 1048
27497 113
27498 113
27499 670
27500 229
27501 634
27502 670
27503 256
27504 256
27505 43
27506 113
27507 22
27508 350
27509 1205
27510 521
27511 670
27512 256
27513 1205
27514 1205
27515 670
27516 55
27517 1195
27518 247
27519 22
27520 1046
27521 625
27522 93
27523 1194
27524 670
27525 1046
27526 1194
27527 634
27528 256
27529 1195
27530 1194
27531 1286
27532 1192
27533 670
27534 512
27535 670
27536 43
27537 22
27538 1046
27539 229
27540 169
27541 1046
27542 256
27543 169
27544 101
27545 40
27546 43
27547 634
27548 256
27549 256
27550 1046
27551 1198
27552 30
27553 169
27554 40
27555 670
27556 1046
27557 22
27558 1200
27559 1214
27560 1046
27561 1195
27562 1215
27563 350
27564 1196
27565 22
27566 256
27567 1198
27568 1214
27569 256
27570 616
27571 43
27572 256
27573 244
27574 1194
27575 1198
27576 22
27577 1046
27578 350
27579 256
27580 1200
27581 43
27582 588
27583 256
27584 1203
27585 1204
27586 1244
27587 229
27588 1046
27589 1046
27590 22
27591 113
27592 1196
27593 670
27594 256
27595 1200
27596 1205
27597 350
27598 43
27599 1203
27600 1205
27601 1046
27602 1046
27603 1204
27604 43
27605 278
27606 22
27607 1205
27608 1200
27609 1046
27610 670
27611 256
27612 43
27613 1198
27614 101
27615 229
27616 43
27617 256
27618 43
27619 40
27620 256
27621 1194
27622 256
27623 161
27624 256
27625 256
27626 43
27627 670
27628 634
27629 1205
27630 1200
27631 1205
27632 346
27633 43
27634 670
27635 250
27636 22
27637 113
27638 1200
27639 256
27640 432
27641 1205
27642 1057
27643 1205
27644 360
27645 113
27646 1046
27647 1215
27648 1046
27649 22
27650 256
27651 256
27652 43
27653 670
27654 43
27655 362
27656 161
27657 1195
27658 1046
27659 119
27660 346
27661 670
27662 1046
27663 1205
27664 256
27665 1200
27666 43
27667 256
27668 55
27669 238
27670 1320
27671 40
27672 1198
27673 1214
27674 161
27675 634
27676 1198
27677 521
27678 361
27679 256
27680 1198
27681 1195
27682 256
27683 256
27684 22
27685 795
27686 350
27687 1288
27688 1046
27689 256
27690 1200
27691 1321
27692 256
27693 22
27694 1200
27695 1046
27696 1046
27697 670
27698 22
27699 43
27700 256
27701 1192
27702 40
27703 1200
27704 1200
27705 1046
27706 1046
27707 55
27708 1196
27709 256
27710 1055
27711 1194
27712 634
27713 670
27714 1046
27715 256
27716 1046
27717 1195
27718 670
27719 670
27720 350
27721 670
27722 1046
27723 1046
27724 22
27725 18
27726 1046
27727 256
27728 1200
27729 670
27730 256
27731 1205
27732 256
27733 244
27734 256
27735 256
27736 1192
27737 1206
27738 1322
27739 670
27740 43
27741 256
27742 1195
27743 1195
27744 1046
27745 683
27746 670
27747 1194
27748 1046
27749 670
27750 256
27751 1205
27752 861
27753 670
27754 113
27755 670
27756 55
27757 1209
27758 1046
27759 256
27760 1214
27761 256
27762 22
27763 1200
27764 55
27765 1215
27766 256
27767 22
27768 1196
27769 1195
27770 43
27771 1198
27772 1046
27773 1206
27774 1196
27775 512
27776 670
27777 256
27778 1205
27779 1200
27780 256
27781 1198
27782 1194
27783 101
27784 861
27785 43
27786 22
27787 1205
27788 355
27789 1046
27790 256
27791 670
27792 1205
27793 1046
27794 670
27795 43
27796 1205
27797 1046
27798 22
27799 256
27800 1205
27801 229
27802 22
27803 199
27804 1200
27805 1200
27806 43
27807 670
27808 1046
27809 256
27810 1200
27811 22
27812 634
27813 113
27814 1214
27815 101
27816 1323
27817 278
27818 1046
27819 256
27820 1046
27821 1046
27822 1046
27823 1214
27824 101
27825 670
27826 1046
27827 1194
27828 43
27829 256
27830 1205
27831 1046
27832 1192
27833 55
27834 43
27835 1194
27836 670
27837 40
27838 113
27839 256
27840 256
27841 43
27842 256
27843 43
27844 670
27845 256
27846 43
27847 1205
27848 1195
27849 256
27850 730
27851 670
27852 256
27853 113
27854 256
27855 169
27856 634
27857 670
27858 1204
27859 1046
27860 246
27861 256
27862 22
27863 1201
27864 55
27865 101
27866 1046
27867 1195
27868 90
27869 634
27870 1205
27871 22
27872 625
27873 256
27874 1046
27875 1224
27876 1200
27877 256
27878 256
27879 22
27880 499
27881 1200
27882 670
27883 670
27884 113
27885 113
27886 1214
27887 1196
27888 1196
27889 350
27890 1227
27891 1046
27892 1213
27893 1046
27894 1200
27895 55
27896 1198
27897 43
27898 670
27899 634
27900 1196
27901 43
27902 1200
27903 43
27904 1211
27905 1203
27906 259
27907 256
27908 113
27909 22
27910 256
27911 1198
27912 256
27913 634
27914 1046
27915 1046
27916 22
27917 1046
27918 22
27919 670
27920 256
27921 1194
27922 670
27923 1205
27924 676
27925 43
27926 55
27927 1196
27928 521
27929 256
27930 1194
27931 256
27932 43
27933 1192
27934 1046
27935 670
27936 1198
27937 169
27938 1205
27939 1046
27940 55
27941 1224
27942 43
27943 670
27944 256
27945 1195
27946 43
27947 256
27948 1194
27949 256
27950 1205
27951 256
27952 1196
27953 1194
27954 1046
27955 256
27956 1046
27957 43
27958 229
27959 43
27960 1324
27961 1196
27962 1046
27963 256
27964 993
27965 256
27966 1214
27967 226
27968 169
27969 1194
27970 256
27971 1195
27972 1205
27973 1325
27974 350
27975 256
27976 1046
27977 1046
27978 1046
27979 1200
27980 2
27981 670
27982 800
27983 1201
27984 45
27985 1194
27986 55
27987 1195
27988 934
27989 256
27990 1046
27991 22
27992 1200
27993 1195
27994 1205
27995 1195
27996 30
27997 278
27998 1046
27999 22
28000 1046
28001 256
28002 256
28003 670
28004 1200
28005 1205
28006 22
28007 1194
28008 1200
28009 670
28010 22
28011 1195
28012 1192
28013 1200
28014 670
28015 40
28016 1203
28017 256
28018 43
28019 256
28020 43
28021 161
28022 250
28023 244
28024 256
28025 256
28026 1046
28027 350
28028 2
28029 43
28030 256
28031 670
28032 1214
28033 256
28034 1205
28035 1196
28036 1214
28037 55
28038 1214
28039 350
28040 256
28041 113
28042 256
28043 22
28044 15
28045 43
28046 670
28047 1205
28048 1194
28049 634
28050 1046
28051 1046
28052 256
28053 256
28054 229
28055 1206
28056 670
28057 1046
28058 1200
28059 1203
28060 22
28061 256
28062 1201
28063 3
28064 1046
28065 1192
28066 256
28067 55
28068 256
28069 1205
28070 256
28071 1046
28072 256
28073 1200
28074 1195
28075 1205
28076 256
28077 1205
28078 670
28079 1046
28080 1195
28081 350
28082 670
28083 1046
28084 256
28085 40
28086 670
28087 350
28088 1195
28089 1046
28090 1046
28091 670
28092 1046
28093 256
28094 55
28095 43
28096 40
28097 55
28098 22
28099 1218
28100 113
28101 1196
28102 670
28103 670
28104 256
28105 1195
28106 255
28107 1195
28108 256
28109 670
28110 256
28111 1205
28112 1196
28113 22
28114 1205
28115 1214
28116 1205
28117 256
28118 256
28119 238
28120 1224
28121 1046
28122 229
28123 1194
28124 1194
28125 113
28126 802
28127 43
28128 1195
28129 1205
28130 1046
28131 1227
28132 93
28133 55
28134 259
28135 1046
28136 1046
28137 1046
28138 670
28139 1205
28140 1046
28141 1046
28142 1195
28143 43
28144 670
28145 1200
28146 113
28147 43
28148 256
28149 43
28150 229
28151 1196
28152 256
28153 161
28154 1326
28155 670
28156 670
28157 256
28158 1205
28159 113
28160 676
28161 256
28162 43
28163 1200
28164 670
28165 1204
28166 1204
28167 670
28168 113
28169 634
28170 121
28171 1198
28172 1046
28173 1214
28174 1046
28175 22
28176 256
28177 676
28178 1192
28179 670
28180 256
28181 256
28182 254
28183 1046
28184 1046
28185 670
28186 119
28187 31
28188 1046
28189 1214
28190 1195
28191 1200
28192 1205
28193 256
28194 22
28195 1205
28196 256
28197 113
28198 1192
28199 1194
28200 1046
28201 43
28202 113
28203 22
28204 634
28205 256
28206 1046
28207 1200
28208 1046
28209 670
28210 40
28211 1200
28212 256
28213 1327
28214 43
28215 1046
28216 256
28217 43
28218 40
28219 1195
28220 22
28221 670
28222 22
28223 1205
28224 43
28225 256
28226 1213
28227 595
28228 670
28229 1046
28230 634
28231 113
28232 670
28233 43
28234 22
28235 670
28236 1046
28237 1204
28238 256
28239 1196
28240 256
28241 1196
28242 22
28243 670
28244 256
28245 1194
28246 983
28247 113
28248 256
28249 256
28250 22
28251 1205
28252 256
28253 664
28254 1205
28255 256
28256 1205
28257 43
28258 278
28259 43
28260 43
28261 256
28262 1205
28263 1203
28264 670
28265 1205
28266 1196
28267 113
28268 1046
28269 259
28270 256
28271 43
28272 1192
28273 350
28274 256
28275 1201
28276 256
28277 22
28278 360
28279 31
28280 1205
28281 1209
28282 72
28283 512
28284 101
28285 113
28286 1200
28287 1198
28288 1196
28289 256
28290 43
28291 1214
28292 244
28293 512
28294 1200
28295 256
28296 72
28297 256
28298 1046
28299 1205
28300 256
28301 1200
28302 43
28303 256
28304 1046
28305 1200
28306 1195
28307 350
28308 1046
28309 1214
28310 1194
28311 1203
28312 113
28313 1200
28314 1046
28315 1046
28316 113
28317 1195
28318 1196
28319 22
28320 256
28321 45
28322 1046
28323 224
28324 43
28325 670
28326 1196
28327 670
28328 1046
28329 595
28330 1328
28331 256
28332 1205
28333 1200
28334 256
28335 1198
28336 1195
28337 670
28338 1046
28339 1195
28340 1046
28341 1194
28342 256
28343 1214
28344 43
28345 350
28346 1196
28347 1192
28348 1205
28349 7
28350 350
28351 256
28352 1205
28353 1198
28354 256
28355 670
28356 22
28357 1195
28358 670
28359 993
28360 256
28361 670
28362 1200
28363 256
28364 22
28365 1046
28366 256
28367 256
28368 22
28369 43
28370 256
28371 1200
28372 43
28373 256
28374 43
28375 40
28376 1195
28377 250
28378 256
28379 43
28380 1046
28381 55
28382 43
28383 22
28384 670
28385 670
28386 43
28387 1195
28388 670
28389 802
28390 1200
28391 1046
28392 521
28393 1196
28394 22
28395 1046
28396 238
28397 1198
28398 1046
28399 1244
28400 671
28401 22
28402 1194
28403 676
28404 256
28405 1200
28406 199
28407 670
28408 1205
28409 1046
28410 43
28411 1200
28412 254
28413 256
28414 1194
28415 1205
28416 670
28417 1046
28418 1206
28419 1046
28420 683
28421 1046
28422 802
28423 1215
28424 256
28425 43
28426 1195
28427 1200
28428 95
28429 1200
28430 43
28431 232
28432 244
28433 244
28434 244
28435 43
28436 1200
28437 43
28438 1329
28439 43
28440 244
28441 1200
28442 43
28443 1200
28444 232
28445 43
28446 1200
28447 1200
28448 1200
28449 363
28450 1200
28451 55
28452 95
28453 1200
28454 43
