7588 232
7589 503
7590 512
7591 502
7592 502
7593 525
7594 44
7595 224
7596 18
7597 90
7598 18
7599 44
7600 498
7601 512
7602 259
7603 378
7604 1
7605 2
7606 216
7607 378
7608 101
7609 33
7610 355
7611 2
7612 18
7613 439
7614 49
7615 347
7616 264
7617 49
7618 113
7619 361
7620 33
7621 502
7622 95
7623 43
7624 512
7625 95
7626 376
7627 2
7628 502
7629 44
7630 525
7631 502
7632 2
7633 256
7634 49
7635 74
7636 95
7637 101
7638 259
7639 502
7640 18
7641 502
7642 121
7643 378
7644 502
7645 101
7646 2
7647 55
7648 503
7649 512
7650 503
7651 90
7652 502
7653 499
7654 44
7655 2
7656 2
7657 44
7658 101
7659 347
7660 18
7661 18
7662 502
7663 515
7664 502
7665 504
7666 502
7667 498
7668 35
7669 503
7670 431
7671 502
7672 74
7673 512
7674 512
7675 498
7676 18
7677 2
7678 502
7679 36
7680 2
7681 250
7682 439
7683 101
7684 502
7685 2
7686 502
7687 503
7688 502
7689 101
7690 44
7691 508
7692 504
7693 74
7694 502
7695 2
7696 264
7697 18
7698 232
7699 85
7700 498
7701 101
7702 49
7703 256
7704 2
7705 512
7706 72
7707 264
7708 224
7709 101
7710 2
7711 49
7712 35
7713 512
7714 49
7715 33
7716 253
7717 378
7718 2
7719 2
7720 503
7721 431
7722 264
7723 503
7724 512
7725 16
7726 2
7727 18
7728 2
7729 49
7730 49
7731 18
7732 2
7733 502
7734 502
7735 512
7736 502
7737 2
7738 508
7739 33
7740 250
7741 18
7742 49
7743 49
7744 439
7745 262
7746 49
7747 49
7748 498
7749 512
7750 512
7751 378
7752 18
7753 502
7754 2
7755 6
7756 33
7757 2
7758 378
7759 347
7760 2
7761 378
7762 504
7763 36
7764 232
7765 216
7766 101
7767 256
7768 121
7769 512
7770 502
7771 49
7772 2
7773 439
7774 416
7775 502
7776 502
7777 85
7778 512
7779 502
7780 15
7781 498
7782 2
7783 90
7784 508
7785 36
7786 101
7787 49
7788 264
7789 49
7790 347
7791 498
7792 49
7793 515
7794 97
7795 502
7796 250
7797 36
7798 2
7799 2
7800 2
7801 502
7802 515
7803 101
7804 161
7805 512
7806 113
7807 361
7808 18
7809 363
7810 502
7811 72
7812 498
7813 49
7814 1
7815 512
7816 18
7817 37
7818 216
7819 36
7820 264
7821 101
7822 2
7823 101
7824 378
7825 2
7826 439
7827 55
7828 504
7829 2
7830 503
7831 232
7832 97
7833 502
7834 517
7835 1
7836 2
7837 502
7838 44
7839 503
7840 55
7841 199
7842 502
7843 502
7844 347
7845 121
7846 498
7847 512
7848 18
7849 29
7850 2
7851 2
7852 512
7853 232
7854 515
7855 22
7856 2
7857 90
7858 378
7859 6
7860 502
7861 259
7862 355
7863 49
7864 378
7865 502
7866 250
7867 515
7868 2
7869 95
7870 512
7871 49
7872 36
7873 378
7874 498
7875 502
7876 2
7877 49
7878 49
7879 502
7880 503
7881 378
7882 498
7883 2
7884 253
7885 1
7886 253
7887 216
7888 502
7889 232
7890 512
7891 101
7892 101
7893 502
7894 504
7895 512
7896 49
7897 378
7898 44
7899 18
7900 378
7901 502
7902 439
7903 216
7904 0
7905 90
7906 512
7907 36
7908 378
7909 503
7910 2
7911 361
7912 101
7913 498
7914 416
7915 33
7916 512
7917 517
7918 378
7919 256
7920 264
7921 17
7922 515
7923 244
7924 101
7925 253
7926 216
7927 121
7928 258
7929 502
7930 502
7931 502
7932 439
7933 121
7934 439
7935 2
7936 216
7937 232
7938 498
7939 512
7940 18
7941 2
7942 502
7943 49
7944 503
7945 2
7946 504
7947 18
7948 18
7949 121
7950 85
7951 2
7952 503
7953 502
7954 502
7955 90
7956 216
7957 502
7958 49
7959 524
7960 378
7961 18
7962 101
7963 36
7964 508
7965 73
7966 85
7967 72
7968 515
7969 512
7970 278
7971 378
7972 256
7973 502
7974 232
7975 525
7976 512
7977 502
7978 2
7979 43
7980 503
7981 16
7982 515
7983 101
7984 18
7985 49
7986 6
7987 508
7988 355
7989 2
7990 355
7991 90
7992 121
7993 347
7994 502
7995 2
7996 121
7997 2
7998 18
7999 22
8000 503
8001 18
8002 355
8003 517
8004 121
8005 503
8006 502
8007 44
8008 101
8009 378
8010 525
8011 226
8012 378
8013 36
8014 199
8015 512
8016 18
8017 101
8018 121
8019 101
8020 378
8021 503
8022 2
8023 101
8024 2
8025 85
8026 49
8027 121
8028 18
8029 253
8030 2
8031 121
8032 512
8033 498
8034 502
8035 355
8036 498
8037 439
8038 498
8039 2
8040 2
8041 18
8042 378
8043 101
8044 502
8045 512
8046 504
8047 35
8048 121
8049 49
8050 515
8051 439
8052 1
8053 2
8054 502
8055 49
8056 512
8057 36
8058 2
8059 44
8060 512
8061 101
8062 49
8063 2
8064 101
8065 502
8066 515
8067 18
8068 72
8069 17
8070 121
8071 502
8072 502
8073 101
8074 44
8075 512
8076 216
8077 18
8078 49
8079 498
8080 2
8081 508
8082 502
8083 101
8084 503
8085 73
8086 2
8087 18
8088 378
8089 121
8090 2
8091 503
8092 101
8093 2
8094 502
8095 378
8096 2
8097 49
8098 504
8099 502
8100 264
8101 256
8102 74
8103 121
8104 502
8105 517
8106 2
8107 250
8108 508
8109 502
8110 498
8111 502
8112 2
8113 244
8114 515
8115 44
8116 161
8117 97
8118 90
8119 512
8120 49
8121 502
8122 512
8123 525
8124 264
8125 502
8126 502
8127 216
8128 521
8129 121
8130 512
8131 512
8132 2
8133 18
8134 502
8135 439
8136 502
8137 502
8138 29
8139 502
8140 72
8141 85
8142 439
8143 378
8144 508
8145 101
8146 121
8147 18
8148 2
8149 255
8150 6
8151 378
8152 232
8153 508
8154 498
8155 74
8156 502
8157 0
8158 378
8159 508
8160 347
8161 2
8162 347
8163 93
8164 498
8165 378
8166 72
8167 508
8168 347
8169 502
8170 93
8171 101
8172 264
8173 95
8174 36
8175 18
8176 90
8177 378
8178 18
8179 256
8180 2
8181 18
8182 512
8183 18
8184 264
8185 101
8186 503
8187 378
8188 502
8189 439
8190 278
8191 515
8192 508
8193 36
8194 512
8195 498
8196 512
8197 512
8198 504
8199 232
8200 498
8201 18
8202 521
8203 502
8204 2
8205 2
8206 502
8207 355
8208 121
8209 508
8210 508
8211 512
8212 502
8213 101
8214 512
8215 378
8216 502
8217 2
8218 361
8219 2
8220 502
8221 508
8222 36
8223 90
8224 2
8225 439
8226 525
8227 101
8228 121
8229 512
8230 2
8231 378
8232 101
8233 498
8234 121
8235 2
8236 512
8237 502
8238 101
8239 439
8240 95
8241 85
8242 18
8243 525
8244 508
8245 431
8246 121
8247 502
8248 216
8249 256
8250 439
8251 216
8252 503
8253 33
8254 2
8255 502
8256 2
8257 498
8258 43
8259 49
8260 95
8261 2
8262 2
8263 6
8264 264
8265 498
8266 512
8267 502
8268 49
8269 2
8270 504
8271 2
8272 256
8273 504
8274 502
8275 33
8276 18
8277 33
8278 512
8279 431
8280 121
8281 502
8282 101
8283 101
8284 10
8285 502
8286 347
8287 508
8288 35
8289 503
8290 121
8291 18
8292 498
8293 498
8294 250
8295 90
8296 85
8297 121
8298 2
8299 2
8300 55
8301 216
8302 508
8303 2
8304 244
8305 2
8306 502
8307 502
8308 2
8309 101
8310 44
8311 502
8312 502
8313 502
8314 49
8315 39
8316 439
8317 31
8318 1
8319 17
8320 502
8321 378
8322 503
8323 256
8324 33
8325 15
8326 36
8327 101
8328 216
8329 113
8330 264
8331 90
8332 90
8333 515
8334 502
8335 503
8336 503
8337 378
8338 90
8339 2
8340 512
8341 498
8342 502
8343 416
8344 74
8345 515
8346 49
8347 18
8348 49
8349 515
8350 512
8351 253
8352 2
8353 2
8354 2
8355 18
8356 508
8357 512
8358 504
8359 515
8360 121
8361 113
8362 264
8363 502
8364 508
8365 498
8366 85
8367 508
8368 216
8369 2
8370 2
8371 502
8372 2
8373 2
8374 95
8375 504
8376 33
8377 2
8378 26
8379 512
8380 378
8381 256
8382 498
8383 113
8384 439
8385 97
8386 502
8387 121
8388 504
8389 232
8390 44
8391 253
8392 512
8393 73
8394 36
8395 2
8396 36
8397 49
8398 2
8399 121
8400 502
8401 512
8402 503
8403 121
8404 512
8405 439
8406 49
8407 378
8408 378
8409 378
8410 73
8411 53
8412 2
8413 2
8414 378
8415 498
8416 101
8417 2
8418 515
8419 18
8420 85
8421 18
8422 2
8423 502
8424 264
8425 508
8426 378
8427 378
8428 253
8429 502
8430 72
8431 264
8432 44
8433 121
8434 121
8435 439
8436 69
8437 2
8438 95
8439 508
8440 2
8441 2
8442 525
8443 18
8444 121
8445 78
8446 502
8447 101
8448 498
8449 121
8450 101
8451 33
8452 113
8453 498
8454 216
8455 101
8456 508
8457 2
8458 498
8459 101
8460 512
8461 378
8462 508
8463 49
8464 216
8465 502
8466 502
8467 512
8468 49
8469 503
8470 512
8471 93
8472 18
8473 521
8474 2
8475 121
8476 504
8477 439
8478 512
8479 503
8480 49
8481 439
8482 2
8483 85
8484 18
8485 439
8486 525
8487 347
8488 358
8489 2
8490 502
8491 121
8492 49
8493 2
8494 515
8495 439
8496 101
8497 515
8498 378
8499 72
8500 264
8501 2
8502 29
8503 2
8504 2
8505 502
8506 512
8507 2
8508 53
8509 378
8510 121
8511 264
8512 502
8513 101
8514 49
8515 2
8516 2
8517 2
8518 90
8519 2
8520 431
8521 244
8522 78
8523 525
8524 502
8525 2
8526 85
8527 232
8528 2
8529 0
8530 512
8531 216
8532 503
8533 512
8534 363
8535 2
8536 18
8537 583
8538 101
8539 378
8540 16
8541 232
8542 378
8543 33
8544 44
8545 584
8546 502
8547 525
8548 232
8549 250
8550 378
8551 119
8552 2
8553 36
8554 264
8555 6
8556 512
8557 585
8558 512
8559 439
8560 85
8561 439
8562 2
8563 256
8564 502
8565 232
8566 101
8567 101
8568 502
8569 502
8570 502
8571 502
8572 18
8573 121
8574 2
8575 216
8576 2
8577 525
8578 216
8579 512
8580 502
8581 101
8582 2
8583 97
8584 49
8585 502
8586 101
8587 502
8588 502
8589 2
8590 515
8591 6
8592 264
8593 2
8594 525
8595 49
8596 502
8597 18
8598 33
8599 226
8600 502
8601 517
8602 101
8603 498
8604 508
8605 347
8606 2
8607 502
8608 90
8609 2
8610 49
8611 250
8612 378
8613 49
8614 2
8615 2
8616 502
8617 515
8618 508
8619 502
8620 502
8621 36
8622 264
8623 49
8624 278
8625 503
8626 508
8627 49
8628 18
8629 121
8630 121
8631 15
8632 101
8633 498
8634 33
8635 502
8636 29
8637 508
8638 517
8639 360
8640 502
8641 502
8642 512
8643 18
8644 93
8645 525
8646 2
8647 232
8648 256
8649 378
8650 2
8651 2
8652 2
8653 18
8654 101
8655 216
8656 2
8657 101
8658 2
8659 2
8660 232
8661 2
8662 6
8663 508
8664 502
8665 49
8666 361
8667 502
8668 2
8669 498
8670 504
8671 262
8672 502
8673 256
8674 439
8675 101
8676 439
8677 49
8678 502
8679 502
8680 44
8681 498
8682 439
8683 1
8684 512
8685 498
8686 236
8687 504
8688 101
8689 264
8690 508
8691 73
8692 378
8693 90
8694 49
8695 502
8696 6
8697 49
8698 2
8699 121
8700 121
8701 256
8702 525
8703 264
8704 93
8705 2
8706 502
8707 361
8708 512
8709 517
8710 49
8711 2
8712 502
8713 43
8714 502
8715 2
8716 43
8717 512
8718 2
8719 502
8720 439
8721 256
8722 232
8723 18
8724 512
8725 503
8726 2
8727 18
8728 161
8729 121
8730 358
8731 502
8732 253
8733 28
8734 502
8735 508
8736 502
8737 101
8738 2
8739 264
8740 358
8741 502
8742 216
8743 502
8744 121
8745 2
8746 2
8747 2
8748 525
8749 508
8750 33
8751 2
8752 90
8753 2
8754 498
8755 49
8756 363
8757 347
8758 508
8759 121
8760 90
8761 502
8762 355
8763 378
8764 2
8765 44
8766 1
8767 90
8768 36
8769 101
8770 502
8771 525
8772 101
8773 498
8774 502
8775 18
8776 498
8777 378
8778 17
8779 502
8780 512
8781 2
8782 378
8783 508
8784 36
8785 16
8786 121
8787 502
8788 20
8789 45
8790 37
8791 49
8792 85
8793 2
8794 49
8795 101
8796 508
8797 46
8798 18
8799 2
8800 503
8801 525
8802 232
8803 502
8804 2
8805 502
8806 502
8807 515
8808 347
8809 378
8810 498
8811 378
8812 49
8813 2
8814 14
8815 101
8816 121
8817 378
8818 2
8819 508
8820 2
8821 121
8822 515
8823 508
8824 503
8825 49
8826 512
8827 66
8828 502
8829 2
8830 361
8831 378
8832 73
8833 2
8834 512
8835 2
8836 431
8837 416
8838 361
8839 508
8840 378
8841 586
8842 36
8843 416
8844 2
8845 10
8846 502
8847 2
8848 121
8849 121
8850 378
8851 439
8852 253
8853 101
8854 18
8855 2
8856 503
8857 502
8858 508
8859 361
8860 378
8861 93
8862 2
8863 101
8864 355
8865 36
8866 256
8867 2
8868 101
8869 36
8870 36
8871 2
8872 2
8873 512
8874 504
8875 2
8876 49
8877 378
8878 44
8879 508
8880 355
8881 33
8882 36
8883 502
8884 517
8885 439
8886 504
8887 33
8888 439
8889 250
8890 502
8891 2
8892 502
8893 2
8894 525
8895 525
8896 253
8897 2
8898 18
8899 502
8900 378
8901 502
8902 503
8903 253
8904 355
8905 498
8906 49
8907 508
8908 101
8909 439
8910 95
8911 101
8912 515
8913 2
8914 36
8915 2
8916 101
8917 18
8918 2
8919 49
8920 72
8921 18
8922 18
8923 256
8924 355
8925 515
8926 2
8927 498
8928 504
8929 49
8930 512
8931 121
8932 74
8933 515
8934 49
8935 525
8936 439
8937 33
8938 121
8939 85
8940 502
8941 121
8942 498
8943 502
8944 525
8945 90
8946 517
8947 18
8948 250
8949 525
8950 2
8951 238
8952 101
8953 512
8954 504
8955 525
8956 2
8957 85
8958 2
8959 512
8960 44
8961 46
8962 2
8963 2
8964 502
8965 2
8966 95
8967 525
8968 278
8969 502
8970 439
8971 2
8972 498
8973 72
8974 502
8975 355
8976 36
8977 103
8978 101
8979 2
8980 502
8981 378
8982 502
8983 502
8984 502
8985 512
8986 502
8987 255
8988 525
8989 525
8990 502
8991 439
8992 121
8993 502
8994 502
8995 502
8996 508
8997 232
8998 504
8999 267
9000 502
9001 18
9002 216
9003 508
9004 502
9005 525
9006 2
9007 2
9008 33
9009 250
9010 232
9011 502
9012 360
9013 72
9014 101
9015 378
9016 85
9017 502
9018 499
9019 512
9020 502
9021 502
9022 101
9023 2
9024 439
9025 90
9026 199
9027 90
9028 347
9029 378
9030 2
9031 121
9032 250
9033 18
9034 378
9035 504
9036 525
9037 350
9038 44
9039 262
9040 512
9041 508
9042 347
9043 515
9044 2
9045 2
9046 121
9047 121
9048 439
9049 85
9050 256
9051 49
9052 504
9053 232
9054 2
9055 221
9056 378
9057 502
9058 512
9059 525
9060 267
9061 49
9062 502
9063 216
9064 525
9065 502
9066 512
9067 515
9068 1
9069 378
9070 101
9071 31
9072 6
9073 18
9074 6
9075 502
9076 18
9077 502
9078 256
9079 517
9080 504
9081 2
9082 502
9083 262
9084 2
9085 161
9086 49
9087 2
9088 90
9089 101
9090 78
9091 2
9092 121
9093 498
9094 512
9095 508
9096 33
9097 121
9098 378
9099 502
9100 2
9101 502
9102 587
9103 216
9104 512
9105 362
9106 101
9107 2
9108 504
9109 232
9110 347
9111 121
9112 43
9113 2
9114 264
9115 502
9116 33
9117 39
9118 2
9119 49
9120 498
9121 101
9122 85
9123 90
9124 216
9125 439
9126 216
9127 1
9128 85
9129 502
9130 93
9131 498
9132 502
9133 6
9134 2
9135 85
9136 249
9137 504
9138 355
9139 95
9140 378
9141 498
9142 2
9143 121
9144 525
9145 2
9146 2
9147 0
9148 2
9149 216
9150 216
9151 517
9152 2
9153 36
9154 502
9155 502
9156 503
9157 95
9158 502
9159 113
9160 101
9161 498
9162 2
9163 512
9164 2
9165 224
9166 2
9167 498
9168 90
9169 512
9170 378
9171 361
9172 33
9173 439
9174 18
9175 502
9176 250
9177 18
9178 85
9179 512
9180 264
9181 525
9182 101
9183 121
9184 2
9185 347
9186 1
9187 498
9188 121
9189 502
9190 44
9191 2
9192 95
9193 101
9194 2
9195 18
9196 121
9197 2
9198 121
9199 512
9200 101
9201 524
9202 85
9203 504
9204 101
9205 101
9206 74
9207 512
9208 508
9209 2
9210 232
9211 29
9212 502
9213 515
9214 498
9215 2
9216 2
9217 525
9218 49
9219 378
9220 508
9221 502
9222 502
9223 512
9224 512
9225 262
9226 49
9227 2
9228 502
9229 2
9230 101
9231 18
9232 2
9233 121
9234 347
9235 504
9236 2
9237 2
9238 2
9239 525
9240 262
9241 2
9242 502
9243 355
9244 512
9245 525
9246 49
9247 216
9248 49
9249 45
9250 2
9251 525
9252 502
9253 97
9254 49
9255 121
9256 503
9257 525
9258 512
9259 350
9260 49
9261 35
9262 2
9263 6
9264 2
9265 2
9266 2
9267 361
9268 49
9269 101
9270 378
9271 2
9272 512
9273 97
9274 18
9275 121
9276 503
9277 101
9278 44
9279 502
9280 18
9281 525
9282 378
9283 515
9284 85
9285 55
9286 33
9287 259
9288 361
9289 2
9290 101
9291 525
9292 502
9293 502
9294 90
9295 18
9296 512
9297 49
9298 502
9299 498
9300 512
9301 256
9302 44
9303 503
9304 360
9305 502
9306 517
9307 502
9308 502
9309 49
9310 378
9311 378
9312 36
9313 2
9314 31
9315 355
9316 504
9317 508
9318 49
9319 503
9320 498
9321 232
9322 502
9323 55
9324 512
9325 358
9326 101
9327 121
9328 121
9329 439
9330 103
9331 347
9332 418
9333 525
9334 512
9335 378
9336 498
9337 517
9338 2
9339 2
9340 101
9341 101
9342 439
9343 44
9344 502
9345 525
9346 232
9347 101
9348 498
9349 502
9350 350
9351 378
9352 431
9353 502
9354 250
9355 101
9356 512
9357 255
9358 347
9359 502
9360 232
9361 378
9362 36
9363 502
9364 502
9365 378
9366 439
9367 95
9368 43
9369 512
9370 502
9371 378
9372 378
9373 2
9374 439
9375 508
9376 101
9377 43
9378 90
9379 101
9380 2
9381 97
9382 502
9383 2
9384 416
9385 502
9386 49
9387 101
9388 264
9389 256
9390 73
9391 2
9392 90
9393 121
9394 2
9395 121
9396 525
9397 33
9398 2
9399 498
9400 6
9401 378
9402 502
9403 216
9404 2
9405 90
9406 378
9407 378
9408 50
9409 2
9410 29
9411 44
9412 256
9413 515
9414 49
9415 49
9416 216
9417 31
9418 525
9419 502
9420 502
9421 355
9422 502
9423 363
9424 2
9425 504
9426 515
9427 18
9428 2
9429 2
9430 502
9431 502
9432 512
9433 512
9434 33
9435 378
9436 499
9437 250
9438 101
9439 502
9440 36
9441 216
9442 504
9443 1
9444 29
9445 33
9446 101
9447 18
9448 101
9449 502
9450 504
9451 512
9452 85
9453 439
9454 2
9455 2
9456 2
9457 6
9458 503
9459 216
9460 503
9461 93
9462 2
9463 378
9464 525
9465 499
9466 378
9467 278
9468 439
9469 6
9470 18
9471 18
9472 2
9473 121
9474 498
9475 18
9476 247
9477 243
9478 588
9479 355
9480 427
9481 240
9482 29
9483 346
9484 418
