28455 1200
28456 1200
28457 1200
28458 244
28459 1200
28460 232
28461 244
28462 244
28463 95
28464 1200
28465 43
28466 95
28467 95
28468 1200
28469 1200
28470 1200
28471 244
28472 1200
28473 95
28474 1200
28475 1200
28476 244
28477 1200
28478 43
28479 95
28480 1200
28481 1200
28482 43
28483 95
28484 1200
28485 1200
28486 244
28487 43
28488 115
28489 1200
28490 43
28491 1200
28492 1200
28493 232
28494 1200
28495 1200
28496 595
28497 232
28498 1200
28499 95
28500 43
28501 1200
28502 244
28503 1200
28504 1200
28505 1200
28506 244
28507 1054
28508 1200
28509 232
28510 244
28511 1200
28512 1200
28513 95
28514 95
28515 95
28516 95
28517 95
28518 1200
28519 95
28520 43
28521 43
28522 55
28523 95
28524 95
28525 244
28526 1200
28527 1200
28528 1200
28529 43
28530 1200
28531 95
28532 95
28533 1200
28534 1200
28535 1200
28536 1200
28537 43
28538 1200
28539 232
28540 232
28541 43
28542 43
28543 95
28544 232
28545 244
28546 1200
28547 1200
28548 1200
28549 43
28550 244
28551 232
28552 232
28553 1200
28554 244
28555 1200
28556 244
28557 1332
28558 1200
28559 43
28560 1200
28561 1200
28562 358
28563 244
28564 43
28565 1200
28566 232
28567 43
28568 424
28569 43
28570 1200
28571 1200
28572 244
28573 43
28574 43
28575 1201
28576 1200
28577 232
28578 43
28579 1200
28580 1201
28581 1200
28582 1200
28583 244
28584 39
28585 43
28586 244
28587 1200
28588 1200
28589 43
28590 232
28591 1200
28592 244
28593 1200
28594 1200
28595 43
28596 1200
28597 244
28598 362
28599 244
28600 95
28601 1200
28602 244
28603 1221
28604 244
28605 43
28606 1200
28607 1200
28608 244
28609 1200
28610 1200
28611 1200
28612 43
28613 1333
28614 43
28615 43
28616 95
28617 244
28618 43
28619 216
28620 43
28621 1200
28622 244
28623 1200
28624 43
28625 595
28626 986
28627 43
28628 43
28629 244
28630 1200
28631 1200
28632 244
28633 232
28634 43
28635 244
28636 43
28637 727
28638 95
28639 1200
28640 1200
28641 247
28642 1200
28643 1200
28644 95
28645 244
28646 43
28647 43
28648 1200
28649 95
28650 43
28651 1200
28652 424
28653 43
28654 1200
28655 43
28656 1200
28657 244
28658 95
28659 1200
28660 43
28661 43
28662 95
28663 52
28664 43
28665 1200
28666 1221
28667 1200
28668 95
28669 43
28670 1200
28671 232
28672 43
28673 95
28674 16
28675 95
28676 1200
28677 244
28678 1200
28679 95
28680 43
28681 43
28682 1200
28683 244
28684 986
28685 244
28686 43
28687 95
28688 232
28689 43
28690 232
28691 1200
28692 95
28693 1200
28694 43
28695 69
28696 244
28697 1200
28698 1200
28699 244
28700 595
28701 1200
28702 43
28703 1200
28704 43
28705 1405
28706 1200
28707 1200
28708 43
28709 43
28710 95
28711 95
28712 1200
28713 95
28714 1200
28715 43
28716 1200
28717 1200
28718 1200
28719 43
28720 95
28721 1200
28722 43
28723 43
28724 1200
28725 43
28726 1200
28727 1200
28728 1200
28729 95
28730 43
28731 95
28732 43
28733 1200
28734 244
28735 43
28736 244
28737 43
28738 1200
28739 1200
28740 95
28741 244
28742 1200
28743 1200
28744 1333
28745 1200
28746 1200
28747 95
28748 278
28749 43
28750 244
28751 95
28752 244
28753 43
28754 95
28755 95
28756 1200
28757 1200
28758 244
28759 244
28760 1200
28761 95
28762 1200
28763 1200
28764 1200
28765 43
28766 95
28767 1200
28768 43
28769 244
28770 1200
28771 95
28772 43
28773 1406
28774 1200
28775 244
28776 43
28777 1200
28778 1200
28779 1200
28780 95
28781 1200
28782 1200
28783 1200
28784 232
28785 95
28786 1200
28787 1200
28788 1200
28789 95
28790 244
28791 1200
28792 43
28793 1200
28794 244
28795 727
28796 95
28797 278
28798 244
28799 43
28800 43
28801 1200
28802 1200
28803 1403
28804 1200
28805 1200
28806 424
28807 1200
28808 244
28809 95
28810 1200
28811 244
28812 1200
28813 1200
28814 244
28815 244
28816 244
28817 95
28818 1407
28819 95
28820 43
28821 1200
28822 1200
28823 1200
28824 43
28825 43
28826 360
28827 95
28828 1200
28829 95
28830 1200
28831 244
28832 1200
28833 1200
28834 346
28835 95
28836 1200
28837 1221
28838 43
28839 1200
28840 1200
28841 7
28842 244
28843 1200
28844 43
28845 244
28846 43
28847 1200
28848 427
28849 95
28850 232
28851 1200
28852 1200
28853 1200
28854 1200
28855 1200
28856 1200
28857 216
28858 244
28859 43
28860 43
28861 1200
28862 244
28863 244
28864 1339
28865 244
28866 75
28867 1200
28868 43
28869 95
28870 1221
28871 1200
28872 1200
28873 1200
28874 43
28875 216
28876 1200
28877 43
28878 95
28879 1200
28880 43
28881 1011
28882 244
28883 1340
28884 244
28885 1200
28886 169
28887 1200
28888 1200
28889 727
28890 1200
28891 1200
28892 43
28893 43
28894 216
28895 1200
28896 43
28897 232
28898 232
28899 95
28900 1200
28901 43
28902 1200
28903 1200
28904 244
28905 1200
28906 95
28907 1200
28908 1200
28909 95
28910 1200
28911 1200
28912 95
28913 95
28914 244
28915 43
28916 43
28917 43
28918 216
28919 95
28920 1200
28921 95
28922 43
28923 1200
28924 1200
28925 1200
28926 95
28927 1221
28928 43
28929 95
28930 43
28931 244
28932 1200
28933 75
28934 232
28935 95
28936 244
28937 43
28938 1221
28939 95
28940 362
28941 232
28942 1200
28943 244
28944 95
28945 43
28946 1200
28947 1200
28948 244
28949 1200
28950 1200
28951 232
28952 1200
28953 232
28954 43
28955 43
28956 1200
28957 3
28958 1200
28959 1200
28960 52
28961 43
28962 95
28963 1332
28964 1200
28965 43
28966 95
28967 52
28968 1200
28969 244
28970 232
28971 43
28972 43
28973 244
28974 95
28975 43
28976 43
28977 1200
28978 244
28979 1200
28980 1408
28981 244
28982 244
28983 43
28984 43
28985 1200
28986 244
28987 95
28988 75
28989 43
28990 1200
28991 95
28992 43
28993 43
28994 1200
28995 95
28996 1200
28997 1200
28998 1200
28999 244
29000 95
29001 95
29002 1200
29003 244
29004 1200
29005 95
29006 244
29007 95
29008 1200
29009 1200
29010 1409
29011 43
29012 1200
29013 95
29014 1200
29015 95
29016 52
29017 232
29018 244
29019 1200
29020 43
29021 244
29022 1410
29023 1200
29024 95
29025 43
29026 244
29027 1200
29028 43
29029 43
29030 232
29031 1200
29032 1200
29033 1200
29034 1200
29035 1200
29036 1200
29037 43
29038 244
29039 1200
29040 43
29041 730
29042 232
29043 1200
29044 1200
29045 244
29046 95
29047 39
29048 1221
29049 1200
29050 216
29051 43
29052 232
29053 65
29054 43
29055 1200
29056 43
29057 43
29058 43
29059 244
29060 95
29061 244
29062 1200
29063 43
29064 43
29065 43
29066 43
29067 43
29068 1200
29069 26
29070 1200
29071 43
29072 232
29073 986
29074 986
29075 665
29076 95
29077 1201
29078 244
29079 1200
29080 216
29081 1200
29082 244
29083 1200
29084 244
29085 232
29086 1200
29087 43
29088 95
29089 232
29090 95
29091 43
29092 95
29093 1200
29094 95
29095 244
29096 43
29097 95
29098 43
29099 95
29100 1200
29101 1200
29102 1200
29103 95
29104 1200
29105 244
29106 1200
29107 1200
29108 1200
29109 244
29110 1200
29111 244
29112 1200
29113 1200
29114 43
29115 95
29116 1200
29117 43
29118 1200
29119 1200
29120 232
29121 232
29122 1221
29123 244
29124 95
29125 727
29126 43
29127 1221
29128 95
29129 43
29130 244
29131 1200
29132 43
29133 95
29134 1200
29135 1200
29136 43
29137 244
29138 95
29139 1411
29140 1200
29141 43
29142 244
29143 232
29144 1200
29145 244
29146 1221
29147 1200
29148 1200
29149 43
29150 43
29151 43
29152 1200
29153 244
29154 65
29155 1200
29156 95
29157 1200
29158 43
29159 43
29160 244
29161 232
29162 1200
29163 1200
29164 95
29165 95
29166 1200
29167 244
29168 43
29169 95
29170 1200
29171 95
29172 43
29173 1200
29174 232
29175 727
29176 95
29177 244
29178 232
29179 1200
29180 1200
29181 43
29182 1200
29183 43
29184 1339
29185 95
29186 43
29187 727
29188 244
29189 230
29190 244
29191 727
29192 1200
29193 1200
29194 95
29195 43
29196 244
29197 244
29198 95
29199 244
29200 1200
29201 43
29202 43
29203 857
29204 95
29205 1200
29206 1200
29207 1200
29208 1200
29209 1200
29210 244
29211 216
29212 95
29213 95
29214 95
29215 43
29216 95
29217 95
29218 741
29219 244
29220 43
29221 43
29222 244
29223 1200
29224 43
29225 1200
29226 1200
29227 244
29228 1412
29229 43
29230 1200
29231 244
29232 232
29233 1200
29234 1200
29235 1200
29236 244
29237 1200
29238 95
29239 95
29240 1200
29241 1200
29242 1200
29243 244
29244 95
29245 1200
29246 43
29247 93
29248 244
29249 43
29250 95
29251 1200
29252 1200
29253 244
29254 1200
29255 1200
29256 1200
29257 43
29258 43
29259 95
29260 1200
29261 1200
29262 244
29263 1200
29264 95
29265 1200
29266 1200
29267 95
29268 244
29269 244
29270 43
29271 232
29272 1200
29273 1200
29274 43
29275 986
29276 1057
29277 259
29278 43
29279 43
29280 244
29281 43
29282 244
29283 244
29284 43
29285 43
29286 228
29287 1200
29288 1200
29289 1200
29290 244
29291 1200
29292 1200
29293 1200
29294 1200
29295 1200
29296 1200
29297 43
29298 43
29299 232
29300 43
29301 1200
29302 52
29303 1200
29304 244
29305 244
29306 1200
29307 244
29308 43
29309 95
29310 43
29311 52
29312 43
29313 43
29314 1200
29315 244
29316 1200
29317 1200
29318 244
29319 43
29320 43
29321 244
29322 95
29323 95
29324 1200
29325 95
29326 95
29327 244
29328 43
29329 43
29330 43
29331 95
29332 1200
29333 1200
29334 1200
29335 95
29336 43
29337 244
29338 1200
29339 1200
29340 1200
29341 1200
29342 43
29343 1200
29344 216
29345 1200
29346 232
29347 95
29348 1200
29349 1413
29350 232
29351 1200
29352 1200
29353 1200
29354 1200
29355 47
29356 75
29357 1200
29358 43
29359 1200
29360 43
29361 43
29362 244
29363 1200
29364 1200
29365 244
29366 95
29367 1200
29368 232
29369 244
29370 244
29371 95
29372 95
29373 1200
29374 244
29375 362
29376 244
29377 95
29378 244
29379 95
29380 1200
29381 232
29382 1200
29383 95
29384 1200
29385 1332
29386 95
29387 43
29388 43
29389 75
29390 244
29391 43
29392 1200
29393 244
29394 216
29395 232
29396 95
29397 43
29398 1200
29399 278
29400 1200
29401 43
29402 1200
29403 43
29404 43
29405 1414
29406 43
29407 43
29408 1200
29409 1200
29410 1200
29411 43
29412 1200
29413 1200
29414 43
29415 1200
29416 43
29417 1200
29418 1200
29419 43
29420 1200
29421 1200
29422 244
29423 95
29424 244
29425 1
29426 232
29427 244
29428 1200
29429 1200
29430 1200
29431 1200
29432 95
29433 95
29434 244
29435 43
29436 244
29437 1200
29438 232
29439 215
29440 43
29441 1200
29442 1200
29443 244
29444 244
29445 244
29446 1200
29447 244
29448 43
29449 119
29450 1200
29451 95
29452 95
29453 1200
29454 1200
29455 1200
29456 986
29457 244
29458 278
29459 1200
29460 1200
29461 43
29462 1200
29463 244
29464 95
29465 95
29466 232
29467 244
29468 95
29469 1200
29470 1200
29471 43
29472 43
29473 43
29474 1200
29475 229
29476 43
29477 43
29478 986
29479 244
29480 244
29481 95
29482 1415
29483 95
29484 95
29485 95
29486 244
29487 1200
29488 1200
29489 95
29490 95
29491 43
29492 43
29493 232
29494 1200
29495 43
29496 43
29497 43
29498 244
29499 95
29500 1200
29501 43
29502 1200
29503 43
29504 43
29505 95
29506 95
29507 1200
29508 95
29509 244
29510 424
29511 43
29512 244
29513 236
29514 1200
29515 43
29516 1200
29517 43
29518 43
29519 95
29520 1200
29521 43
29522 43
29523 1200
29524 43
29525 95
29526 244
29527 43
29528 216
29529 244
29530 986
29531 43
29532 1200
29533 983
29534 232
29535 95
29536 1200
29537 95
29538 244
29539 1048
29540 244
29541 1200
29542 95
29543 727
29544 244
29545 1200
29546 1200
29547 1200
29548 95
29549 1200
29550 232
29551 65
29552 95
29553 244
29554 95
29555 1200
29556 43
29557 1200
29558 43
29559 244
29560 232
29561 1200
29562 244
29563 244
29564 95
29565 1221
29566 43
29567 1200
29568 1200
29569 1200
29570 1200
29571 43
29572 1200
29573 1200
29574 95
29575 95
29576 95
29577 1200
29578 43
29579 1200
29580 43
29581 95
29582 1200
29583 1340
29584 40
29585 1200
29586 1200
29587 232
29588 1332
29589 1200
29590 1200
29591 1200
29592 244
29593 1200
29594 244
29595 741
29596 244
29597 244
29598 244
29599 244
29600 1200
29601 244
29602 1200
29603 244
29604 244
29605 95
29606 1200
29607 43
29608 43
29609 1200
29610 1200
29611 43
29612 43
29613 230
29614 1200
29615 244
29616 1200
29617 1200
29618 43
29619 95
29620 95
29621 95
29622 1200
29623 95
29624 1200
29625 43
29626 232
29627 95
29628 1200
29629 43
29630 1200
29631 1200
29632 43
29633 95
29634 43
29635 1200
29636 1200
29637 1200
29638 244
29639 1200
29640 1200
29641 95
29642 870
29643 95
29644 95
29645 1200
29646 95
29647 1339
29648 1200
29649 1200
29650 1221
29651 65
29652 1200
29653 95
29654 244
29655 169
29656 244
29657 1200
29658 424
29659 95
29660 1200
29661 43
29662 232
29663 1200
29664 1195
29665 1200
29666 43
29667 1200
29668 1200
29669 1201
29670 43
29671 95
29672 244
29673 43
29674 43
29675 95
29676 43
29677 1200
29678 1200
29679 95
29680 1200
29681 1200
29682 244
29683 1200
29684 232
29685 95
29686 43
29687 95
29688 43
29689 1200
29690 362
29691 43
29692 95
29693 244
29694 244
29695 75
29696 1200
29697 1200
29698 1200
29699 362
29700 43
29701 43
29702 1200
29703 1200
29704 244
29705 1200
29706 65
29707 43
29708 43
29709 43
29710 1200
29711 1200
29712 1200
29713 1200
29714 1200
29715 1200
29716 43
29717 1200
29718 232
29719 232
29720 1340
29721 1200
29722 43
29723 1200
29724 244
29725 232
29726 232
29727 727
29728 43
29729 95
29730 95
29731 95
29732 1200
29733 1200
29734 1200
29735 95
29736 244
29737 1200
29738 95
29739 1200
29740 1200
29741 43
29742 43
29743 43
29744 1200
29745 43
29746 95
29747 95
29748 244
29749 43
29750 43
29751 95
29752 1200
29753 244
29754 1200
29755 1200
29756 1200
29757 1200
29758 43
29759 1200
29760 1200
29761 95
29762 684
29763 43
29764 1200
29765 1200
29766 1200
29767 43
29768 244
29769 95
29770 43
29771 1200
29772 65
29773 1200
29774 1200
29775 1200
29776 232
29777 43
29778 1200
29779 43
29780 52
29781 95
29782 1200
29783 1200
29784 1200
29785 244
29786 1200
29787 43
29788 1200
29789 244
29790 1200
29791 232
29792 1200
29793 232
29794 416
29795 244
29796 1200
29797 1200
29798 244
29799 43
29800 244
29801 43
29802 43
29803 1200
29804 986
29805 1200
29806 1200
29807 43
29808 95
29809 1200
29810 1200
29811 95
29812 1200
29813 244
29814 95
29815 95
29816 95
29817 43
29818 1200
29819 1200
29820 43
29821 1200
29822 1200
29823 43
29824 1200
29825 95
29826 43
29827 1200
29828 1200
29829 244
29830 43
29831 95
29832 1200
29833 244
29834 244
29835 244
29836 244
29837 43
29838 43
29839 43
29840 232
29841 1200
29842 95
29843 95
29844 1200
29845 43
29846 95
29847 1200
29848 244
29849 43
29850 1200
29851 95
29852 1200
29853 95
29854 43
29855 43
29856 1200
29857 1200
29858 232
29859 1200
29860 43
29861 226
29862 43
29863 1200
29864 244
29865 1200
29866 43
29867 230
29868 1200
29869 95
29870 244
29871 1200
29872 43
29873 1200
29874 232
29875 43
29876 95
29877 43
29878 93
29879 95
29880 1200
29881 1200
29882 95
29883 244
29884 95
29885 1200
29886 43
29887 1200
29888 244
29889 43
29890 1221
29891 1200
29892 244
29893 95
29894 244
29895 1200
29896 95
29897 244
29898 232
29899 1200
29900 1200
29901 1200
29902 244
29903 1200
29904 259
29905 95
29906 1200
29907 1200
29908 1200
29909 43
29910 1410
29911 43
29912 1200
29913 1200
29914 1200
29915 1200
29916 1200
29917 1200
29918 43
29919 1200
29920 1200
29921 1200
29922 244
29923 1200
29924 232
29925 43
29926 1200
29927 43
29928 1200
29929 95
29930 244
29931 1200
29932 1200
29933 232
29934 244
29935 1200
29936 95
29937 362
29938 43
29939 1200
29940 95
29941 43
29942 1200
29943 1200
29944 43
29945 216
29946 55
29947 232
29948 232
29949 244
29950 232
29951 75
29952 1200
29953 43
29954 43
29955 1200
29956 95
29957 244
29958 1200
29959 95
29960 1200
29961 43
29962 232
29963 244
29964 800
29965 43
29966 244
29967 43
29968 671
29969 43
29970 1200
29971 43
29972 1200
29973 95
29974 95
29975 43
29976 1200
29977 1200
29978 1200
29979 95
29980 1200
29981 1200
29982 1200
29983 95
29984 1200
29985 1416
29986 95
29987 1200
29988 727
29989 232
29990 43
29991 95
29992 95
29993 1200
29994 95
29995 75
29996 95
29997 278
29998 95
29999 244
30000 1200
30001 43
30002 95
30003 43
30004 95
30005 95
30006 1200
30007 43
30008 43
30009 1221
30010 43
30011 43
30012 1200
30013 244
30014 1200
30015 1339
30016 95
30017 244
30018 43
30019 1200
30020 1200
30021 43
30022 95
30023 1200
30024 232
30025 244
30026 43
30027 244
30028 1200
30029 1200
30030 1200
30031 1200
30032 95
30033 1200
30034 1200
30035 43
30036 95
30037 95
30038 986
30039 1200
30040 1200
30041 95
30042 1200
30043 43
30044 1200
30045 43
30046 43
30047 244
30048 43
30049 1200
30050 1200
30051 1200
30052 1200
30053 727
30054 1200
30055 95
30056 95
30057 43
30058 43
30059 244
30060 43
30061 1200
30062 1200
30063 244
30064 43
30065 95
30066 43
30067 95
30068 1200
30069 244
30070 95
30071 1200
30072 1200
30073 43
30074 1200
30075 226
30076 1200
30077 95
30078 43
30079 232
30080 1200
30081 1200
30082 1200
30083 1200
30084 1200
30085 95
30086 232
30087 95
30088 1200
30089 1200
30090 1200
30091 1200
30092 1200
30093 95
30094 95
30095 244
30096 232
30097 1200
30098 244
30099 95
30100 43
30101 1200
30102 95
30103 95
30104 1200
30105 1200
30106 43
30107 1200
30108 1200
30109 1200
30110 1200
30111 244
30112 95
30113 65
30114 1200
30115 232
30116 95
30117 1201
30118 95
30119 1221
30120 1200
30121 95
30122 232
30123 43
30124 43
30125 1200
30126 1200
30127 228
30128 230
30129 1200
30130 1200
30131 1200
30132 1200
30133 1200
30134 1200
30135 1200
30136 1200
30137 1200
30138 43
30139 95
30140 244
30141 232
30142 43
30143 95
30144 43
30145 95
30146 43
30147 244
30148 244
30149 95
30150 1200
30151 1200
30152 1200
30153 232
30154 95
30155 244
30156 244
30157 216
30158 75
30159 43
30160 1200
30161 1200
30162 1200
30163 424
30164 95
30165 1200
30166 1200
30167 95
30168 232
30169 43
30170 1200
30171 43
30172 1200
30173 43
30174 1200
30175 95
30176 43
30177 1200
30178 1200
30179 43
30180 244
30181 1200
30182 43
30183 43
30184 43
30185 1221
30186 95
30187 1200
30188 1200
30189 244
30190 95
30191 1200
30192 43
30193 1200
30194 43
30195 1200
30196 95
30197 232
30198 1200
30199 1200
30200 1200
30201 1200
30202 1200
30203 43
30204 244
30205 43
30206 216
30207 1200
30208 1200
30209 1200
30210 244
30211 1200
30212 43
30213 95
30214 244
30215 95
30216 253
30217 1200
30218 43
30219 244
30220 43
30221 1200
30222 1200
30223 43
30224 1200
30225 244
30226 244
30227 95
30228 362
30229 43
30230 232
30231 95
30232 43
30233 1200
30234 1200
30235 1200
30236 95
30237 244
30238 1200
30239 95
30240 1200
30241 43
30242 986
30243 43
30244 1200
30245 1200
30246 244
30247 43
30248 244
30249 1200
30250 43
30251 55
30252 1200
30253 595
30254 1200
30255 1200
30256 385
30257 95
30258 43
30259 1403
30260 1200
30261 1200
30262 1200
30263 1200
30264 1200
30265 1200
30266 43
30267 244
30268 95
30269 43
30270 1200
30271 1200
30272 43
30273 1200
30274 1200
30275 1200
30276 1200
30277 1200
30278 1200
30279 1200
30280 43
30281 232
30282 43
30283 95
30284 1200
30285 244
30286 1200
30287 1200
30288 244
30289 1200
30290 1200
30291 95
30292 1200
30293 232
30294 43
30295 43
30296 1200
30297 1200
30298 16
30299 1200
30300 1200
30301 43
30302 1200
30303 95
30304 1200
30305 1200
30306 43
30307 244
30308 95
30309 43
30310 95
30311 1417
30312 1200
30313 216
30314 232
30315 1200
30316 244
30317 1418
30318 95
30319 43
30320 1200
30321 95
30322 362
