17073 38
17074 796
17075 266
17076 796
17077 796
17078 796
17079 355
17080 796
17081 266
17082 796
17083 50
17084 355
17085 796
17086 588
17087 266
17088 66
17089 796
17090 216
17091 796
17092 355
17093 796
17094 266
17095 796
17096 800
17097 355
17098 50
17099 252
17100 226
17101 78
17102 62
17103 796
17104 50
17105 802
17106 588
17107 266
17108 355
17109 796
17110 50
17111 33
17112 78
17113 50
17114 799
17115 800
17116 266
17117 50
17118 50
17119 796
17120 796
17121 50
17122 796
17123 50
17124 799
17125 355
17126 796
17127 796
17128 796
17129 66
17130 588
17131 66
17132 355
17133 796
17134 266
17135 38
17136 66
17137 50
17138 66
17139 796
17140 266
17141 50
17142 266
17143 796
17144 796
17145 796
17146 800
17147 50
17148 588
17149 355
17150 796
17151 796
17152 18
17153 355
17154 796
17155 266
17156 355
17157 796
17158 266
17159 588
17160 355
17161 355
17162 796
17163 796
17164 355
17165 355
17166 50
17167 66
17168 802
17169 588
17170 50
17171 266
17172 266
17173 355
17174 588
17175 243
17176 799
17177 66
17178 512
17179 802
17180 795
17181 796
17182 266
17183 243
17184 796
17185 226
17186 588
17187 50
17188 355
17189 50
17190 355
17191 243
17192 795
17193 588
17194 50
17195 355
17196 355
17197 355
17198 266
17199 216
17200 796
17201 355
17202 226
17203 796
17204 588
17205 795
17206 802
17207 12
17208 796
17209 802
17210 226
17211 50
17212 355
17213 799
17214 796
17215 266
17216 355
17217 78
17218 799
17219 66
17220 804
17221 266
17222 355
17223 502
17224 799
17225 796
17226 0
17227 799
17228 226
17229 50
17230 266
17231 226
17232 355
17233 226
17234 266
17235 796
17236 794
17237 805
17238 796
17239 796
17240 355
17241 18
17242 78
17243 266
17244 66
17245 355
17246 50
17247 355
17248 355
17249 355
17250 18
17251 355
17252 66
17253 50
17254 794
17255 588
17256 50
17257 796
17258 50
17259 796
17260 588
17261 266
17262 226
17263 355
17264 50
17265 50
17266 12
17267 266
17268 12
17269 807
17270 355
17271 355
17272 796
17273 78
17274 66
17275 355
17276 50
17277 795
17278 802
17279 355
17280 355
17281 50
17282 588
17283 800
17284 50
17285 355
17286 796
17287 50
17288 50
17289 795
17290 796
17291 804
17292 50
17293 796
17294 355
17295 50
17296 796
17297 78
17298 796
17299 355
17300 266
17301 796
17302 799
17303 355
17304 226
17305 355
17306 796
17307 588
17308 226
17309 796
17310 355
17311 266
17312 12
17313 588
17314 355
17315 50
17316 355
17317 800
17318 18
17319 795
17320 50
17321 799
17322 796
17323 795
17324 226
17325 800
17326 12
17327 800
17328 266
17329 794
17330 355
17331 796
17332 50
17333 216
17334 795
17335 266
17336 799
17337 796
17338 226
17339 50
17340 243
17341 799
17342 78
17343 588
17344 588
17345 807
17346 50
17347 796
17348 50
17349 796
17350 796
17351 361
17352 50
17353 355
17354 799
17355 266
17356 588
17357 266
17358 50
17359 216
17360 38
17361 796
17362 796
17363 588
17364 796
17365 29
17366 355
17367 796
17368 355
17369 66
17370 38
17371 266
17372 588
17373 588
17374 50
17375 512
17376 355
17377 796
17378 355
17379 50
17380 243
17381 226
17382 800
17383 796
17384 800
17385 796
17386 66
17387 796
17388 588
17389 66
17390 355
17391 796
17392 796
17393 266
17394 12
17395 355
17396 796
17397 226
17398 78
17399 95
17400 50
17401 799
17402 266
17403 355
17404 796
17405 796
17406 796
17407 796
17408 355
17409 50
17410 14
17411 355
17412 796
17413 18
17414 800
17415 794
17416 50
17417 226
17418 800
17419 796
17420 355
17421 266
17422 266
17423 266
17424 796
17425 226
17426 266
17427 796
17428 796
17429 796
17430 849
17431 807
17432 794
17433 588
17434 66
17435 796
17436 78
17437 355
17438 243
17439 355
17440 266
17441 796
17442 800
17443 50
17444 50
17445 18
17446 355
17447 799
17448 355
17449 18
17450 355
17451 50
17452 355
17453 796
17454 796
17455 796
17456 50
17457 588
17458 266
17459 355
17460 355
17461 796
17462 66
17463 795
17464 78
17465 799
17466 66
17467 796
17468 796
17469 355
17470 266
17471 226
17472 355
17473 796
17474 796
17475 78
17476 800
17477 355
17478 266
17479 355
17480 796
17481 18
17482 355
17483 266
17484 355
17485 50
17486 800
17487 588
17488 18
17489 796
17490 355
17491 796
17492 50
17493 355
17494 807
17495 266
17496 800
17497 796
17498 796
17499 799
17500 800
17501 50
17502 355
17503 796
17504 796
17505 226
17506 355
17507 800
17508 799
17509 50
17510 796
17511 226
17512 796
17513 355
17514 355
17515 266
17516 796
17517 796
17518 796
17519 226
17520 355
17521 800
17522 50
17523 355
17524 355
17525 355
17526 266
17527 796
17528 266
17529 799
17530 796
17531 66
17532 796
17533 796
17534 416
17535 355
17536 800
17537 796
17538 355
17539 12
17540 355
17541 355
17542 800
17543 38
17544 50
17545 50
17546 50
17547 800
17548 226
17549 66
17550 796
17551 50
17552 66
17553 355
17554 796
17555 796
17556 50
17557 802
17558 796
17559 266
17560 355
17561 796
17562 588
17563 802
17564 266
17565 266
17566 794
17567 355
17568 266
17569 802
17570 588
17571 796
17572 355
17573 50
17574 796
17575 66
17576 266
17577 355
17578 796
17579 78
17580 794
17581 355
17582 78
17583 675
17584 355
17585 266
17586 796
17587 66
17588 78
17589 266
17590 796
17591 66
17592 266
17593 50
17594 796
17595 799
17596 800
17597 802
17598 802
17599 796
17600 266
17601 796
17602 796
17603 50
17604 799
17605 38
17606 18
17607 78
17608 796
17609 266
17610 588
17611 796
17612 355
17613 66
17614 50
17615 355
17616 50
17617 491
17618 796
17619 266
17620 66
17621 796
17622 78
17623 266
17624 355
17625 796
17626 796
17627 355
17628 243
17629 226
17630 799
17631 796
17632 355
17633 588
17634 588
17635 800
17636 802
17637 18
17638 807
17639 266
17640 799
17641 502
17642 796
17643 266
17644 226
17645 799
17646 800
17647 266
17648 796
17649 113
17650 50
17651 796
17652 355
17653 243
17654 38
17655 813
17656 66
17657 355
17658 796
17659 243
17660 66
17661 266
17662 266
17663 78
17664 266
17665 355
17666 355
17667 66
17668 266
17669 66
17670 512
17671 800
17672 226
17673 355
17674 226
17675 355
17676 243
17677 796
17678 355
17679 66
17680 796
17681 226
17682 355
17683 796
17684 796
17685 226
17686 796
17687 796
17688 355
17689 78
17690 355
17691 355
17692 266
17693 796
17694 796
17695 799
17696 796
17697 355
17698 226
17699 355
17700 796
17701 588
17702 796
17703 800
17704 588
17705 243
17706 355
17707 113
17708 796
17709 355
17710 226
17711 355
17712 50
17713 50
17714 355
17715 355
17716 355
17717 799
17718 802
17719 50
17720 355
17721 78
17722 355
17723 50
17724 800
17725 796
17726 266
17727 796
17728 78
17729 66
17730 800
17731 226
17732 355
17733 355
17734 796
17735 355
17736 266
17737 266
17738 355
17739 266
17740 800
17741 50
17742 355
17743 50
17744 796
17745 266
17746 355
17747 800
17748 355
17749 796
17750 66
17751 355
17752 355
17753 266
17754 355
17755 78
17756 355
17757 266
17758 355
17759 796
17760 243
17761 588
17762 588
17763 355
17764 796
17765 796
17766 50
17767 588
17768 355
17769 50
17770 795
17771 355
17772 796
17773 799
17774 814
17775 66
17776 355
17777 50
17778 355
17779 50
17780 12
17781 800
17782 66
17783 50
17784 796
17785 355
17786 796
17787 355
17788 50
17789 355
17790 796
17791 50
17792 38
17793 796
17794 796
17795 355
17796 355
17797 796
17798 355
17799 50
17800 796
17801 355
17802 66
17803 66
17804 355
17805 66
17806 266
17807 355
17808 796
17809 355
17810 266
17811 588
17812 795
17813 0
17814 355
17815 355
17816 796
17817 795
17818 799
17819 588
17820 795
17821 50
17822 355
17823 802
17824 588
17825 216
17826 266
17827 588
17828 355
17829 799
17830 226
17831 796
17832 355
17833 588
17834 807
17835 799
17836 66
17837 796
17838 50
17839 216
17840 794
17841 796
17842 796
17843 796
17844 802
17845 796
17846 50
17847 588
17848 796
17849 796
17850 266
17851 796
17852 226
17853 796
17854 355
17855 355
17856 796
17857 355
17858 50
17859 243
17860 796
17861 226
17862 800
17863 50
17864 361
17865 800
17866 796
17867 69
17868 796
17869 226
17870 799
17871 796
17872 355
17873 38
17874 355
17875 226
17876 355
17877 226
17878 355
17879 796
17880 18
17881 588
17882 355
17883 355
17884 66
17885 226
17886 66
17887 50
17888 18
17889 796
17890 50
17891 50
17892 50
17893 355
17894 50
17895 355
17896 796
17897 266
17898 266
17899 796
17900 50
17901 796
17902 266
17903 796
17904 12
17905 796
17906 799
17907 50
17908 226
17909 796
17910 266
17911 799
17912 796
17913 50
17914 355
17915 796
17916 355
17917 796
17918 800
17919 50
17920 588
17921 355
17922 796
17923 355
17924 355
17925 355
17926 50
17927 50
17928 802
17929 485
17930 355
17931 588
17932 796
17933 355
17934 491
17935 38
17936 796
17937 355
17938 355
17939 266
17940 802
17941 796
17942 796
17943 796
17944 796
17945 814
17946 243
17947 78
17948 66
17949 66
17950 266
17951 796
17952 266
17953 66
17954 796
17955 796
17956 796
17957 355
17958 50
17959 50
17960 266
17961 796
17962 50
17963 50
17964 796
17965 78
17966 0
17967 355
17968 355
17969 50
17970 796
17971 800
17972 50
17973 588
17974 66
17975 796
17976 266
17977 355
17978 226
17979 795
17980 796
17981 355
17982 355
17983 78
17984 38
17985 802
17986 796
17987 66
17988 266
17989 18
17990 355
17991 50
17992 216
17993 20
17994 588
17995 796
17996 796
17997 355
17998 800
17999 796
18000 796
18001 78
18002 226
18003 66
18004 355
18005 355
18006 62
18007 243
18008 796
18009 50
18010 50
18011 588
18012 799
18013 588
18014 355
18015 800
18016 355
18017 243
18018 38
18019 38
18020 588
18021 266
18022 588
18023 38
18024 355
18025 355
18026 50
18027 355
18028 796
18029 796
18030 795
18031 50
18032 795
18033 355
18034 226
18035 796
18036 796
18037 588
18038 355
18039 216
18040 266
18041 376
18042 796
18043 796
18044 50
18045 266
18046 243
18047 355
18048 355
18049 355
18050 799
18051 243
18052 266
18053 796
18054 50
18055 66
18056 799
18057 355
18058 799
18059 226
18060 50
18061 50
18062 355
18063 588
18064 588
18065 588
18066 226
18067 799
18068 266
18069 66
18070 243
18071 355
18072 795
18073 38
18074 376
18075 266
18076 355
18077 355
18078 588
18079 50
18080 796
18081 12
18082 802
18083 38
18084 355
18085 50
18086 266
18087 50
18088 266
18089 78
18090 796
18091 266
18092 850
18093 799
18094 38
18095 50
18096 796
18097 355
18098 800
18099 796
18100 50
18101 796
18102 802
18103 796
18104 355
18105 66
18106 800
18107 66
18108 355
18109 69
18110 12
18111 807
18112 226
18113 216
18114 796
18115 226
18116 266
18117 502
18118 66
18119 588
18120 796
18121 50
18122 266
18123 50
18124 800
18125 50
18126 355
18127 799
18128 66
18129 355
18130 804
18131 800
18132 355
18133 355
18134 266
18135 807
18136 800
18137 799
18138 50
18139 78
18140 266
18141 355
18142 50
18143 50
18144 78
18145 355
18146 17
18147 50
18148 355
18149 66
18150 796
18151 799
18152 355
18153 796
18154 796
18155 226
18156 355
18157 814
18158 796
18159 266
18160 66
18161 355
18162 796
18163 800
18164 78
18165 807
18166 796
18167 266
18168 216
18169 50
18170 12
18171 796
18172 355
18173 266
18174 355
18175 800
18176 50
18177 796
18178 795
18179 588
18180 18
18181 800
18182 355
18183 50
18184 588
18185 18
18186 266
18187 851
18188 799
18189 355
18190 588
18191 216
18192 226
18193 243
18194 796
18195 50
18196 355
18197 796
18198 796
18199 796
18200 794
18201 243
18202 12
18203 355
18204 796
18205 38
18206 355
18207 796
18208 799
18209 355
18210 800
18211 266
18212 796
18213 796
18214 799
18215 226
18216 355
18217 355
18218 355
18219 355
18220 796
18221 796
18222 799
18223 355
18224 355
18225 66
18226 796
18227 796
18228 50
18229 216
18230 50
18231 226
18232 807
18233 66
18234 226
18235 799
18236 355
18237 675
18238 66
18239 226
18240 355
18241 802
18242 355
18243 266
18244 266
18245 796
18246 800
18247 355
18248 588
18249 33
18250 355
18251 66
18252 355
18253 796
18254 226
18255 588
18256 796
18257 50
18258 800
18259 226
18260 50
18261 266
18262 588
18263 50
18264 50
18265 796
18266 78
18267 799
18268 266
18269 355
18270 802
18271 18
18272 796
18273 355
18274 50
18275 588
18276 50
18277 66
18278 796
18279 796
18280 50
18281 355
18282 226
18283 796
18284 796
18285 796
18286 796
18287 50
18288 796
18289 807
18290 588
18291 802
18292 266
18293 50
18294 807
18295 378
18296 226
18297 795
18298 800
18299 796
18300 18
18301 355
18302 355
18303 18
18304 50
18305 799
18306 355
18307 266
18308 588
18309 355
18310 588
18311 50
18312 226
18313 50
18314 50
18315 355
18316 355
18317 226
18318 355
18319 796
18320 796
18321 588
18322 802
18323 266
18324 355
18325 266
18326 66
18327 50
18328 800
18329 796
18330 796
18331 78
18332 50
18333 50
18334 796
18335 796
18336 78
18337 266
18338 66
18339 802
18340 38
18341 796
18342 800
18343 66
18344 802
18345 355
18346 796
18347 50
18348 799
18349 66
18350 588
18351 796
18352 355
18353 226
18354 226
18355 796
18356 796
18357 355
18358 50
18359 355
18360 796
18361 355
18362 355
18363 796
18364 796
18365 33
18366 78
18367 113
18368 266
18369 50
18370 355
18371 796
18372 226
18373 800
18374 355
18375 800
18376 33
18377 50
18378 66
18379 355
18380 807
18381 226
18382 66
18383 796
18384 795
18385 796
18386 355
18387 50
18388 796
18389 226
18390 355
18391 12
18392 796
18393 355
18394 50
18395 266
18396 796
18397 226
18398 796
18399 802
18400 355
18401 50
18402 50
18403 226
18404 799
18405 50
18406 588
18407 226
18408 78
18409 796
18410 794
18411 66
18412 588
18413 0
18414 796
18415 675
18416 355
18417 796
18418 355
18419 588
18420 799
18421 796
18422 266
18423 588
18424 355
18425 355
18426 796
18427 66
18428 355
18429 50
18430 226
18431 355
18432 266
18433 796
18434 799
18435 355
18436 796
18437 796
18438 796
18439 226
18440 796
18441 243
18442 796
18443 50
18444 796
18445 802
18446 796
18447 355
18448 50
18449 50
18450 796
18451 355
18452 355
18453 796
18454 50
18455 796
18456 226
18457 796
18458 795
18459 794
18460 66
18461 355
18462 266
18463 796
18464 796
18465 226
18466 226
18467 50
18468 588
18469 794
18470 796
18471 796
18472 66
18473 796
18474 796
18475 796
18476 50
18477 355
18478 588
18479 588
18480 588
18481 50
18482 355
18483 266
18484 14
18485 355
18486 38
18487 355
18488 800
18489 796
18490 266
18491 796
18492 799
18493 226
18494 266
18495 355
18496 355
18497 355
18498 796
18499 78
18500 796
18501 802
18502 50
18503 355
18504 355
18505 266
18506 50
18507 355
18508 66
18509 355
18510 796
18511 355
18512 800
18513 355
18514 0
18515 266
18516 226
18517 796
18518 226
18519 796
18520 18
18521 794
18522 588
18523 355
18524 266
18525 355
18526 50
18527 226
18528 796
18529 796
18530 800
18531 355
18532 78
18533 355
18534 66
18535 796
18536 795
18537 796
18538 795
18539 588
18540 243
18541 799
18542 799
18543 66
18544 796
18545 355
18546 802
18547 355
18548 266
18549 795
18550 796
18551 796
18552 796
18553 226
18554 796
18555 796
18556 802
18557 355
18558 807
18559 796
18560 796
18561 50
18562 588
18563 50
18564 266
18565 800
18566 799
18567 355
18568 50
18569 78
18570 800
18571 18
18572 800
18573 18
18574 266
18575 795
18576 796
18577 355
18578 813
18579 12
18580 50
18581 66
18582 814
18583 796
18584 266
18585 266
18586 243
18587 12
18588 796
18589 795
18590 66
18591 66
18592 216
18593 588
18594 796
18595 796
18596 243
18597 796
18598 796
18599 355
18600 66
18601 799
18602 588
18603 266
18604 796
18605 796
18606 355
18607 796
18608 795
18609 78
18610 78
18611 12
18612 588
18613 799
18614 794
18615 800
18616 796
18617 796
18618 796
18619 266
18620 50
18621 266
18622 355
18623 226
18624 50
18625 795
18626 50
18627 50
18628 38
18629 266
18630 226
18631 796
18632 355
18633 266
18634 588
18635 18
18636 814
18637 588
18638 588
18639 588
18640 796
18641 66
18642 588
18643 795
18644 800
18645 33
18646 795
18647 355
18648 796
18649 355
18650 355
18651 799
18652 0
18653 355
18654 355
18655 355
18656 588
18657 355
18658 675
18659 355
18660 796
18661 266
18662 66
18663 266
18664 355
18665 50
18666 796
18667 796
18668 800
18669 266
18670 796
18671 355
18672 800
18673 799
18674 796
18675 226
18676 799
18677 50
18678 355
18679 266
18680 355
18681 800
18682 50
18683 355
18684 802
18685 814
18686 226
18687 796
18688 796
18689 18
18690 796
18691 588
18692 66
18693 266
18694 50
18695 66
18696 245
18697 588
18698 50
18699 588
18700 355
18701 355
18702 0
18703 796
18704 66
18705 796
18706 796
18707 588
18708 14
18709 795
18710 226
18711 796
18712 55
18713 50
18714 66
18715 800
18716 795
18717 355
18718 50
18719 807
18720 50
18721 796
18722 588
18723 78
18724 50
18725 796
18726 796
18727 18
18728 796
18729 799
18730 355
18731 50
18732 588
18733 355
18734 216
18735 66
18736 266
18737 355
18738 796
18739 796
18740 50
18741 66
18742 355
18743 796
18744 796
18745 78
18746 226
18747 800
18748 266
18749 800
18750 18
18751 78
18752 799
18753 226
18754 800
18755 355
18756 355
18757 588
18758 38
18759 50
18760 355
18761 355
18762 266
18763 355
18764 355
18765 50
18766 355
18767 355
18768 50
18769 266
18770 355
18771 355
18772 799
18773 355
18774 226
18775 796
18776 78
18777 50
18778 243
18779 796
18780 355
18781 50
18782 355
18783 50
18784 50
18785 355
18786 355
18787 355
18788 226
18789 66
18790 66
18791 796
18792 796
18793 355
18794 78
18795 78
18796 50
18797 226
18798 243
18799 226
18800 355
18801 794
18802 355
18803 796
18804 800
18805 355
18806 50
18807 226
18808 796
18809 796
18810 355
18811 226
18812 66
18813 66
18814 50
18815 50
18816 355
18817 796
18818 66
18819 355
18820 796
18821 50
18822 266
18823 796
18824 18
18825 18
18826 796
18827 266
18828 807
18829 243
18830 50
18831 243
18832 355
18833 66
18834 50
18835 355
18836 355
18837 226
18838 50
18839 796
18840 243
18841 12
18842 802
18843 50
18844 588
18845 796
18846 266
18847 802
18848 66
18849 266
18850 66
18851 796
18852 796
18853 796
18854 588
18855 796
18856 805
18857 355
18858 800
18859 355
18860 355
18861 796
18862 266
18863 588
18864 66
18865 66
18866 355
18867 796
18868 266
18869 78
18870 50
18871 796
18872 355
18873 795
18874 66
18875 266
18876 355
18877 802
18878 796
18879 796
18880 588
18881 50
18882 355
18883 50
18884 796
18885 266
18886 355
18887 355
18888 796
18889 355
18890 799
18891 355
18892 355
18893 796
18894 802
18895 588
18896 243
18897 266
18898 796
18899 50
18900 226
18901 796
18902 795
18903 355
18904 796
18905 355
18906 796
18907 113
18908 355
18909 852
18910 588
18911 69
18912 50
18913 50
18914 355
18915 588
18916 800
18917 18
18918 802
18919 266
18920 355
18921 78
18922 355
18923 66
18924 50
18925 50
18926 266
18927 355
18928 796
18929 355
18930 355
18931 243
18932 50
18933 50
18934 355
18935 355
18936 355
18937 796
18938 796
18939 799
18940 14
18941 50
18942 48
18943 66
18944 796
18945 266
18946 799
18947 853
18948 66
18949 796
18950 66
18951 50
18952 262
18953 187
18954 247
18955 26
18956 854
18957 26
18958 35
18959 33
18960 14
18961 376
18962 855
18963 376
18964 26
18965 376
18966 33
18967 376
18968 33
18969 26
