7588 418
7589 15
7590 241
7591 343
7592 343
7593 355
7594 340
7595 45
7596 243
7597 15
7598 243
7599 97
7600 429
7601 241
7602 491
7603 425
7604 247
7605 97
7606 423
7607 425
7608 243
7609 427
7610 241
7611 97
7612 243
7613 262
7614 413
7615 472
7616 483
7617 484
7618 423
7619 423
7620 427
7621 343
7622 472
7623 486
7624 241
7625 425
7626 348
7627 97
7628 343
7629 97
7630 355
7631 343
7632 97
7633 474
7634 413
7635 488
7636 489
7637 243
7638 491
7639 343
7640 243
7641 343
7642 474
7643 425
7644 343
7645 243
7646 97
7647 97
7648 15
7649 241
7650 15
7651 15
7652 343
7653 491
7654 97
7655 97
7656 97
7657 97
7658 243
7659 247
7660 243
7661 243
7662 343
7663 421
7664 343
7665 97
7666 343
7667 429
7668 474
7669 15
7670 268
7671 411
7672 488
7673 483
7674 241
7675 429
7676 243
7677 97
7678 343
7679 45
7680 97
7681 243
7682 432
7683 243
7684 343
7685 97
7686 343
7687 15
7688 343
7689 243
7690 97
7691 238
7692 495
7693 488
7694 343
7695 97
7696 483
7697 243
7698 418
7699 262
7700 429
7701 243
7702 429
7703 411
7704 97
7705 241
7706 85
7707 483
7708 45
7709 243
7710 97
7711 413
7712 411
7713 483
7714 413
7715 427
7716 343
7717 425
7718 97
7719 97
7720 15
7721 429
7722 483
7723 15
7724 483
7725 411
7726 97
7727 243
7728 97
7729 413
7730 484
7731 243
7732 97
7733 343
7734 343
7735 241
7736 343
7737 97
7738 491
7739 427
7740 484
7741 243
7742 429
7743 429
7744 262
7745 423
7746 429
7747 484
7748 429
7749 241
7750 483
7751 425
7752 243
7753 343
7754 97
7755 340
7756 427
7757 97
7758 425
7759 472
7760 97
7761 425
7762 97
7763 45
7764 260
7765 423
7766 243
7767 343
7768 474
7769 483
7770 343
7771 484
7772 97
7773 432
7774 409
7775 343
7776 343
7777 262
7778 241
7779 343
7780 516
7781 429
7782 97
7783 15
7784 411
7785 45
7786 243
7787 413
7788 483
7789 413
7790 472
7791 413
7792 413
7793 421
7794 238
7795 343
7796 52
7797 45
7798 97
7799 97
7800 97
7801 343
7802 421
7803 243
7804 478
7805 241
7806 50
7807 486
7808 474
7809 424
7810 343
7811 432
7812 429
7813 413
7814 247
7815 483
7816 243
7817 412
7818 499
7819 45
7820 483
7821 243
7822 97
7823 243
7824 425
7825 97
7826 432
7827 429
7828 97
7829 97
7830 15
7831 424
7832 432
7833 343
7834 29
7835 478
7836 97
7837 343
7838 97
7839 15
7840 495
7841 423
7842 343
7843 343
7844 472
7845 474
7846 429
7847 483
7848 243
7849 45
7850 97
7851 97
7852 241
7853 418
7854 421
7855 425
7856 97
7857 15
7858 425
7859 268
7860 343
7861 491
7862 11
7863 484
7864 425
7865 343
7866 243
7867 421
7868 97
7869 489
7870 483
7871 484
7872 45
7873 425
7874 429
7875 343
7876 97
7877 413
7878 413
7879 343
7880 15
7881 425
7882 429
7883 97
7884 343
7885 478
7886 343
7887 423
7888 343
7889 418
7890 483
7891 243
7892 243
7893 343
7894 97
7895 483
7896 413
7897 425
7898 355
7899 243
7900 425
7901 343
7902 262
7903 423
7904 340
7905 15
7906 241
7907 45
7908 425
7909 15
7910 97
7911 423
7912 243
7913 429
7914 409
7915 427
7916 483
7917 29
7918 425
7919 340
7920 483
7921 499
7922 421
7923 97
7924 243
7925 343
7926 499
7927 474
7928 486
7929 343
7930 343
7931 343
7932 262
7933 474
7934 432
7935 97
7936 423
7937 418
7938 429
7939 483
7940 243
7941 97
7942 343
7943 429
7944 15
7945 97
7946 97
7947 243
7948 243
7949 474
7950 413
7951 97
7952 15
7953 343
7954 343
7955 15
7956 423
7957 343
7958 429
7959 222
7960 340
7961 243
7962 243
7963 45
7964 238
7965 52
7966 340
7967 262
7968 421
7969 241
7970 483
7971 425
7972 486
7973 343
7974 418
7975 355
7976 483
7977 343
7978 97
7979 486
7980 15
7981 411
7982 421
7983 243
7984 243
7985 413
7986 340
7987 411
7988 16
7989 97
7990 409
7991 15
7992 474
7993 472
7994 343
7995 97
7996 474
7997 97
7998 243
7999 421
8000 15
8001 243
8002 409
8003 340
8004 474
8005 15
8006 343
8007 97
8008 243
8009 425
8010 355
8011 474
8012 425
8013 45
8014 423
8015 483
8016 243
8017 243
8018 474
8019 243
8020 425
8021 15
8022 97
8023 243
8024 97
8025 11
8026 484
8027 474
8028 243
8029 343
8030 97
8031 474
8032 483
8033 429
8034 411
8035 409
8036 429
8037 262
8038 429
8039 97
8040 97
8041 243
8042 425
8043 243
8044 343
8045 241
8046 97
8047 474
8048 474
8049 413
8050 421
8051 432
8052 478
8053 340
8054 343
8055 413
8056 483
8057 45
8058 97
8059 97
8060 241
8061 243
8062 429
8063 97
8064 243
8065 343
8066 421
8067 243
8068 432
8069 50
8070 474
8071 343
8072 343
8073 243
8074 340
8075 483
8076 499
8077 243
8078 413
8079 429
8080 97
8081 491
8082 343
8083 243
8084 15
8085 432
8086 97
8087 243
8088 425
8089 474
8090 97
8091 15
8092 243
8093 97
8094 343
8095 425
8096 97
8097 484
8098 340
8099 343
8100 483
8101 343
8102 488
8103 474
8104 343
8105 29
8106 97
8107 243
8108 411
8109 343
8110 413
8111 343
8112 97
8113 247
8114 421
8115 97
8116 478
8117 262
8118 15
8119 483
8120 413
8121 343
8122 241
8123 355
8124 483
8125 343
8126 343
8127 425
8128 421
8129 474
8130 483
8131 483
8132 97
8133 243
8134 343
8135 262
8136 343
8137 343
8138 478
8139 343
8140 85
8141 262
8142 432
8143 425
8144 499
8145 243
8146 474
8147 243
8148 423
8149 484
8150 262
8151 425
8152 418
8153 411
8154 429
8155 488
8156 343
8157 97
8158 340
8159 491
8160 247
8161 97
8162 472
8163 411
8164 429
8165 425
8166 262
8167 499
8168 472
8169 343
8170 411
8171 243
8172 483
8173 340
8174 45
8175 243
8176 15
8177 425
8178 243
8179 343
8180 97
8181 243
8182 241
8183 243
8184 483
8185 243
8186 15
8187 425
8188 343
8189 432
8190 483
8191 421
8192 411
8193 45
8194 241
8195 429
8196 483
8197 483
8198 97
8199 418
8200 429
8201 243
8202 421
8203 343
8204 97
8205 97
8206 343
8207 409
8208 474
8209 491
8210 411
8211 241
8212 343
8213 243
8214 241
8215 425
8216 343
8217 97
8218 486
8219 97
8220 343
8221 491
8222 45
8223 15
8224 97
8225 432
8226 355
8227 243
8228 474
8229 241
8230 97
8231 425
8232 243
8233 429
8234 474
8235 97
8236 241
8237 343
8238 243
8239 262
8240 425
8241 262
8242 243
8243 355
8244 238
8245 429
8246 474
8247 343
8248 499
8249 474
8250 432
8251 241
8252 15
8253 427
8254 97
8255 343
8256 97
8257 413
8258 486
8259 413
8260 425
8261 97
8262 97
8263 262
8264 483
8265 429
8266 483
8267 343
8268 484
8269 97
8270 423
8271 97
8272 247
8273 97
8274 343
8275 427
8276 243
8277 427
8278 483
8279 268
8280 474
8281 343
8282 243
8283 243
8284 432
8285 343
8286 247
8287 411
8288 474
8289 15
8290 474
8291 243
8292 429
8293 429
8294 52
8295 15
8296 262
8297 474
8298 97
8299 97
8300 495
8301 499
8302 491
8303 97
8304 247
8305 97
8306 343
8307 343
8308 97
8309 243
8310 97
8311 343
8312 343
8313 343
8314 413
8315 409
8316 432
8317 431
8318 247
8319 499
8320 343
8321 425
8322 15
8323 247
8324 427
8325 423
8326 432
8327 243
8328 423
8329 15
8330 483
8331 15
8332 15
8333 421
8334 343
8335 15
8336 15
8337 425
8338 15
8339 97
8340 483
8341 429
8342 343
8343 409
8344 488
8345 421
8346 413
8347 243
8348 413
8349 421
8350 483
8351 413
8352 97
8353 97
8354 97
8355 243
8356 411
8357 241
8358 97
8359 52
8360 474
8361 15
8362 483
8363 343
8364 411
8365 429
8366 425
8367 411
8368 499
8369 97
8370 97
8371 343
8372 97
8373 97
8374 425
8375 97
8376 427
8377 97
8378 474
8379 241
8380 425
8381 343
8382 429
8383 15
8384 262
8385 45
8386 343
8387 474
8388 97
8389 418
8390 97
8391 343
8392 483
8393 432
8394 45
8395 97
8396 45
8397 413
8398 413
8399 474
8400 343
8401 483
8402 15
8403 474
8404 483
8405 432
8406 413
8407 425
8408 425
8409 425
8410 243
8411 423
8412 97
8413 97
8414 425
8415 429
8416 243
8417 97
8418 52
8419 243
8420 11
8421 243
8422 97
8423 343
8424 483
8425 411
8426 425
8427 425
8428 413
8429 343
8430 432
8431 483
8432 97
8433 474
8434 474
8435 262
8436 411
8437 340
8438 425
8439 491
8440 340
8441 97
8442 355
8443 243
8444 474
8445 499
8446 343
8447 243
8448 429
8449 474
8450 243
8451 427
8452 423
8453 429
8454 423
8455 243
8456 491
8457 97
8458 429
8459 243
8460 241
8461 425
8462 411
8463 484
8464 425
8465 343
8466 343
8467 241
8468 413
8469 15
8470 483
8471 488
8472 243
8473 421
8474 97
8475 474
8476 97
8477 496
8478 483
8479 15
8480 413
8481 432
8482 97
8483 262
8484 243
8485 262
8486 355
8487 472
8488 11
8489 97
8490 411
8491 474
8492 413
8493 97
8494 421
8495 432
8496 243
8497 421
8498 425
8499 262
8500 483
8501 97
8502 25
8503 97
8504 97
8505 343
8506 241
8507 97
8508 423
8509 425
8510 474
8511 483
8512 343
8513 243
8514 413
8515 97
8516 97
8517 97
8518 15
8519 97
8520 429
8521 97
8522 260
8523 355
8524 343
8525 340
8526 268
8527 418
8528 97
8529 97
8530 241
8531 423
8532 15
8533 483
8534 425
8535 97
8536 243
8537 495
8538 243
8539 425
8540 411
8541 418
8542 425
8543 427
8544 97
8545 85
8546 411
8547 355
8548 260
8549 52
8550 425
8551 97
8552 97
8553 45
8554 483
8555 262
8556 241
8557 543
8558 483
8559 260
8560 262
8561 432
8562 97
8563 340
8564 343
8565 418
8566 243
8567 243
8568 343
8569 343
8570 343
8571 343
8572 243
8573 474
8574 97
8575 544
8576 97
8577 355
8578 423
8579 483
8580 343
8581 243
8582 97
8583 262
8584 413
8585 343
8586 243
8587 343
8588 343
8589 97
8590 421
8591 340
8592 545
8593 97
8594 355
8595 429
8596 343
8597 243
8598 427
8599 474
8600 343
8601 29
8602 243
8603 429
8604 411
8605 472
8606 97
8607 343
8608 15
8609 97
8610 429
8611 52
8612 425
8613 413
8614 97
8615 97
8616 343
8617 421
8618 499
8619 343
8620 343
8621 45
8622 483
8623 413
8624 241
8625 15
8626 491
8627 413
8628 243
8629 474
8630 474
8631 516
8632 243
8633 429
8634 427
8635 343
8636 45
8637 499
8638 29
8639 16
8640 343
8641 343
8642 483
8643 243
8644 411
8645 355
8646 97
8647 418
8648 343
8649 425
8650 97
8651 97
8652 97
8653 243
8654 243
8655 423
8656 97
8657 243
8658 97
8659 97
8660 424
8661 97
8662 262
8663 411
8664 343
8665 413
8666 423
8667 343
8668 97
8669 429
8670 340
8671 486
8672 343
8673 343
8674 432
8675 243
8676 262
8677 484
8678 343
8679 343
8680 97
8681 429
8682 262
8683 247
8684 483
8685 429
8686 499
8687 340
8688 243
8689 483
8690 238
8691 25
8692 425
8693 15
8694 413
8695 343
8696 262
8697 413
8698 97
8699 474
8700 474
8701 343
8702 355
8703 483
8704 411
8705 97
8706 343
8707 423
8708 483
8709 340
8710 413
8711 97
8712 343
8713 486
8714 343
8715 97
8716 423
8717 241
8718 504
8719 343
8720 432
8721 491
8722 418
8723 243
8724 241
8725 15
8726 97
8727 243
8728 478
8729 474
8730 11
8731 343
8732 343
8733 348
8734 343
8735 491
8736 343
8737 243
8738 97
8739 483
8740 268
8741 343
8742 499
8743 343
8744 474
8745 97
8746 97
8747 340
8748 355
8749 411
8750 427
8751 340
8752 15
8753 97
8754 429
8755 413
8756 425
8757 472
8758 411
8759 474
8760 15
8761 343
8762 241
8763 425
8764 97
8765 340
8766 247
8767 15
8768 45
8769 243
8770 343
8771 355
8772 243
8773 429
8774 343
8775 243
8776 429
8777 425
8778 499
8779 343
8780 241
8781 97
8782 425
8783 238
8784 45
8785 411
8786 474
8787 343
8788 257
8789 340
8790 412
8791 413
8792 268
8793 97
8794 413
8795 243
8796 411
8797 52
8798 243
8799 97
8800 15
8801 355
8802 424
8803 343
8804 97
8805 343
8806 343
8807 52
8808 247
8809 425
8810 429
8811 425
8812 413
8813 97
8814 411
8815 243
8816 474
8817 425
8818 97
8819 488
8820 495
8821 474
8822 421
8823 411
8824 15
8825 413
8826 241
8827 425
8828 343
8829 97
8830 45
8831 425
8832 25
8833 97
8834 241
8835 423
8836 429
8837 409
8838 423
8839 411
8840 425
8841 45
8842 45
8843 409
8844 97
8845 432
8846 343
8847 97
8848 474
8849 474
8850 425
8851 432
8852 413
8853 243
8854 243
8855 97
8856 15
8857 343
8858 411
8859 423
8860 425
8861 411
8862 97
8863 243
8864 499
8865 45
8866 343
8867 340
8868 243
8869 45
8870 484
8871 97
8872 97
8873 483
8874 340
8875 97
8876 247
8877 425
8878 97
8879 491
8880 409
8881 427
8882 484
8883 343
8884 29
8885 262
8886 97
8887 427
8888 432
8889 243
8890 343
8891 97
8892 343
8893 97
8894 355
8895 355
8896 343
8897 97
8898 243
8899 343
8900 425
8901 343
8902 15
8903 343
8904 409
8905 429
8906 413
8907 491
8908 243
8909 262
8910 340
8911 243
8912 421
8913 97
8914 45
8915 504
8916 243
8917 243
8918 97
8919 413
8920 262
8921 243
8922 243
8923 247
8924 409
8925 421
8926 97
8927 429
8928 97
8929 413
8930 483
8931 474
8932 488
8933 421
8934 413
8935 355
8936 262
8937 427
8938 474
8939 262
8940 343
8941 474
8942 429
8943 343
8944 355
8945 15
8946 340
8947 243
8948 52
8949 355
8950 97
8951 11
8952 243
8953 483
8954 97
8955 355
8956 97
8957 262
8958 97
8959 483
8960 355
8961 97
8962 97
8963 97
8964 343
8965 97
8966 425
8967 355
8968 483
8969 343
8970 262
8971 97
8972 429
8973 85
8974 343
8975 409
8976 45
8977 355
8978 243
8979 97
8980 343
8981 425
8982 343
8983 343
8984 343
8985 241
8986 343
8987 484
8988 355
8989 355
8990 411
8991 432
8992 474
8993 343
8994 343
8995 343
8996 411
8997 418
8998 97
8999 238
9000 343
9001 243
9002 488
9003 411
9004 343
9005 355
9006 97
9007 97
9008 427
9009 52
9010 418
9011 343
9012 247
9013 262
9014 243
9015 425
9016 262
9017 343
9018 431
9019 241
9020 343
9021 247
9022 243
9023 97
9024 262
9025 15
9026 423
9027 15
9028 247
9029 425
9030 97
9031 474
9032 243
9033 243
9034 425
9035 97
9036 355
9037 495
9038 97
9039 474
9040 241
9041 411
9042 472
9043 421
9044 97
9045 97
9046 474
9047 474
9048 432
9049 262
9050 343
9051 413
9052 484
9053 418
9054 97
9055 340
9056 425
9057 343
9058 241
9059 355
9060 491
9061 413
9062 343
9063 499
9064 355
9065 343
9066 483
9067 421
9068 247
9069 425
9070 243
9071 413
9072 262
9073 243
9074 262
9075 343
9076 243
9077 343
9078 247
9079 29
9080 97
9081 97
9082 343
9083 423
9084 423
9085 478
9086 411
9087 97
9088 15
9089 243
9090 262
9091 97
9092 474
9093 429
9094 483
9095 411
9096 427
9097 474
9098 425
9099 343
9100 97
9101 343
9102 423
9103 425
9104 483
9105 409
9106 243
9107 97
9108 97
9109 424
9110 472
9111 474
9112 486
9113 97
9114 483
9115 343
9116 427
9117 409
9118 97
9119 484
9120 429
9121 243
9122 262
9123 15
9124 423
9125 432
9126 499
9127 247
9128 268
9129 343
9130 411
9131 429
9132 343
9133 262
9134 97
9135 262
9136 484
9137 97
9138 241
9139 425
9140 425
9141 429
9142 97
9143 474
9144 355
9145 423
9146 340
9147 97
9148 97
9149 499
9150 241
9151 29
9152 97
9153 45
9154 343
9155 343
9156 15
9157 425
9158 343
9159 15
9160 243
9161 429
9162 97
9163 241
9164 97
9165 45
9166 97
9167 429
9168 15
9169 483
9170 425
9171 423
9172 427
9173 432
9174 243
9175 343
9176 97
9177 243
9178 262
9179 483
9180 483
9181 355
9182 243
9183 474
9184 97
9185 247
9186 247
9187 429
9188 474
9189 343
9190 97
9191 97
9192 340
9193 243
9194 97
9195 243
9196 474
9197 97
9198 474
9199 483
9200 243
9201 222
9202 262
9203 97
9204 243
9205 243
9206 488
9207 241
9208 491
9209 340
9210 418
9211 51
9212 343
9213 52
9214 429
9215 97
9216 97
9217 355
9218 484
9219 425
9220 411
9221 343
9222 343
9223 241
9224 483
9225 486
9226 484
9227 97
9228 343
9229 97
9230 243
9231 243
9232 97
9233 474
9234 472
9235 484
9236 97
9237 97
9238 97
9239 355
9240 486
9241 97
9242 343
9243 409
9244 241
9245 355
9246 413
9247 423
9248 484
9249 495
9250 97
9251 355
9252 343
9253 51
9254 247
9255 474
9256 15
9257 355
9258 241
9259 495
9260 413
9261 16
9262 97
9263 262
9264 97
9265 97
9266 340
9267 423
9268 413
9269 243
9270 425
9271 97
9272 241
9273 432
9274 243
9275 474
9276 15
9277 243
9278 97
9279 343
9280 243
9281 355
9282 425
9283 421
9284 262
9285 340
9286 427
9287 491
9288 423
9289 97
9290 243
9291 355
9292 343
9293 343
9294 15
9295 243
9296 241
9297 484
9298 343
9299 429
9300 483
9301 343
9302 97
9303 15
9304 486
9305 343
9306 340
9307 343
9308 343
9309 413
9310 425
9311 425
9312 45
9313 97
9314 431
9315 425
9316 25
9317 411
9318 484
9319 15
9320 429
9321 418
9322 343
9323 413
9324 241
9325 268
9326 243
9327 474
9328 474
9329 432
9330 97
9331 472
9332 29
9333 355
9334 483
9335 425
9336 429
9337 340
9338 97
9339 97
9340 243
9341 243
9342 421
9343 340
9344 343
9345 355
9346 418
9347 243
9348 429
9349 343
9350 495
9351 425
9352 268
9353 343
9354 243
9355 243
9356 483
9357 260
9358 472
9359 343
9360 424
9361 425
9362 413
9363 343
9364 343
9365 425
9366 262
9367 546
9368 486
9369 241
9370 343
9371 425
9372 340
9373 97
9374 262
9375 238
9376 243
9377 486
9378 15
9379 243
9380 97
9381 51
9382 343
9383 97
9384 409
9385 343
9386 429
9387 243
9388 483
9389 474
9390 431
9391 97
9392 15
9393 474
9394 97
9395 474
9396 355
9397 427
9398 97
9399 429
9400 257
9401 425
9402 343
9403 241
9404 97
9405 15
9406 340
9407 425
9408 347
9409 97
9410 478
9411 97
9412 343
9413 421
9414 484
9415 413
9416 488
9417 413
9418 355
9419 343
9420 343
9421 409
9422 343
9423 424
9424 97
9425 97
9426 421
9427 243
9428 97
9429 97
9430 343
9431 343
9432 483
9433 241
9434 427
9435 425
9436 491
9437 52
9438 243
9439 343
9440 45
9441 499
9442 495
9443 247
9444 45
9445 427
9446 243
9447 243
9448 243
9449 343
9450 97
9451 241
9452 262
9453 262
9454 97
9455 97
9456 97
9457 262
9458 15
9459 499
9460 15
9461 411
9462 97
9463 425
9464 355
9465 431
9466 425
9467 241
9468 496
9469 25
9470 243
9471 243
9472 97
9473 474
9474 413
9475 243
9476 355
9477 429
9478 547
9479 409
9480 29
9481 491
9482 431
9483 429
9484 30
