11382 573
11383 578
11384 423
11385 572
11386 423
11387 474
11388 574
11389 478
11390 432
11391 478
11392 340
11393 575
11394 423
11395 474
11396 572
11397 474
11398 348
11399 474
11400 578
11401 478
11402 572
11403 474
11404 571
11405 474
11406 423
11407 572
11408 570
11409 571
11410 474
11411 478
11412 474
11413 572
11414 578
11415 348
11416 340
11417 474
11418 571
11419 478
11420 575
11421 423
11422 572
11423 432
11424 478
11425 570
11426 575
11427 348
11428 340
11429 474
11430 423
11431 575
11432 575
11433 575
11434 575
11435 572
11436 570
11437 432
11438 478
11439 478
11440 423
11441 578
11442 478
11443 340
11444 575
11445 340
11446 423
11447 571
11448 578
11449 474
11450 474
11451 572
11452 578
11453 432
11454 423
11455 432
11456 423
11457 478
11458 432
11459 474
11460 578
11461 478
11462 348
11463 340
11464 348
11465 570
11466 572
11467 432
11468 572
11469 432
11470 425
11471 432
11472 432
11473 499
11474 474
11475 478
11476 474
11477 583
11478 572
11479 474
11480 425
11481 423
11482 432
11483 474
11484 432
11485 423
11486 572
11487 578
11488 474
11489 474
11490 572
11491 571
11492 478
11493 474
11494 575
11495 478
11496 578
11497 423
11498 571
11499 432
11500 583
11501 432
11502 474
11503 572
11504 432
11505 478
11506 571
11507 572
11508 474
11509 423
11510 578
11511 578
11512 578
11513 474
11514 572
11515 425
11516 578
11517 571
11518 348
11519 474
11520 423
11521 478
11522 348
11523 432
11524 432
11525 572
11526 340
11527 432
11528 423
11529 423
11530 474
11531 432
11532 570
11533 474
11534 348
11535 423
11536 432
11537 572
11538 478
11539 578
11540 340
11541 474
11542 575
11543 432
11544 478
11545 432
11546 572
11547 348
11548 474
11549 578
11550 432
11551 575
11552 423
11553 575
11554 423
11555 340
11556 474
11557 425
11558 348
11559 572
11560 583
11561 578
11562 268
11563 584
11564 474
11565 474
11566 550
11567 572
11568 572
11569 572
11570 570
11571 572
11572 570
11573 348
11574 432
11575 478
11576 478
11577 348
11578 474
11579 348
11580 348
11581 572
11582 474
11583 423
11584 340
11585 474
11586 474
11587 423
11588 348
11589 478
11590 432
11591 340
11592 572
11593 578
11594 425
11595 340
11596 474
11597 423
11598 572
11599 571
11600 425
11601 340
11602 478
11603 423
11604 478
11605 423
11606 423
11607 474
11608 432
11609 432
11610 474
11611 423
11612 340
11613 432
11614 432
11615 423
11616 432
11617 423
11618 474
11619 423
11620 571
11621 571
11622 423
11623 572
11624 575
11625 423
11626 474
11627 432
11628 571
11629 478
11630 432
11631 340
11632 578
11633 578
11634 478
11635 570
11636 478
11637 432
11638 571
11639 478
11640 474
11641 478
11642 432
11643 572
11644 340
11645 575
11646 571
11647 474
11648 348
11649 474
11650 578
11651 478
11652 571
11653 572
11654 478
11655 423
11656 423
11657 575
11658 432
11659 432
11660 474
11661 474
11662 432
11663 570
11664 575
11665 571
11666 478
11667 572
11668 578
11669 474
11670 572
11671 423
11672 474
11673 572
11674 474
11675 571
11676 348
11677 570
11678 340
11679 570
11680 570
11681 575
11682 348
11683 575
11684 432
11685 570
11686 340
11687 571
11688 572
11689 474
11690 423
11691 572
11692 572
11693 474
11694 478
11695 478
11696 572
11697 423
11698 423
11699 340
11700 474
11701 432
11702 474
11703 478
11704 432
11705 478
11706 572
11707 423
11708 268
11709 572
11710 478
11711 572
11712 423
11713 570
11714 423
11715 578
11716 572
11717 572
11718 571
11719 575
11720 432
11721 474
11722 583
11723 478
11724 571
11725 474
11726 571
11727 578
11728 423
11729 571
11730 575
11731 572
11732 572
11733 571
11734 432
11735 432
11736 572
11737 432
11738 575
11739 474
11740 572
11741 423
11742 423
11743 575
11744 474
11745 423
11746 425
11747 432
11748 570
11749 572
11750 572
11751 478
11752 578
11753 571
11754 474
11755 474
11756 340
11757 432
11758 572
11759 474
11760 478
11761 432
11762 575
11763 348
11764 478
11765 432
11766 474
11767 478
11768 478
11769 432
11770 575
11771 571
11772 572
11773 423
11774 572
11775 571
11776 571
11777 474
11778 425
11779 423
11780 348
11781 630
11782 575
11783 570
11784 572
11785 432
11786 423
11787 578
11788 571
11789 474
11790 571
11791 575
11792 583
11793 575
11794 478
11795 499
11796 348
11797 578
11798 340
11799 478
11800 572
11801 573
11802 573
11803 348
11804 575
11805 474
11806 432
11807 575
11808 571
11809 474
11810 474
11811 570
11812 570
11813 578
11814 474
11815 432
11816 474
11817 584
11818 432
11819 423
11820 423
11821 478
11822 573
11823 571
11824 578
11825 572
11826 570
11827 340
11828 478
11829 432
11830 474
11831 578
11832 474
11833 432
11834 571
11835 578
11836 571
11837 432
11838 478
11839 432
11840 478
11841 474
11842 474
11843 570
11844 583
11845 432
11846 571
11847 478
11848 432
11849 478
11850 474
11851 572
11852 478
11853 432
11854 575
11855 474
11856 571
11857 631
11858 423
11859 474
11860 572
11861 572
11862 432
11863 423
11864 572
11865 478
11866 572
11867 571
11868 432
11869 432
11870 340
11871 570
11872 474
11873 474
11874 575
11875 474
11876 474
11877 570
11878 432
11879 423
11880 578
11881 478
11882 575
11883 423
11884 572
11885 474
11886 478
11887 423
11888 432
11889 571
11890 478
11891 423
11892 474
11893 474
11894 474
11895 572
11896 571
11897 583
11898 571
11899 478
11900 478
11901 432
11902 575
11903 570
11904 571
11905 474
11906 572
11907 425
11908 474
11909 340
11910 474
11911 478
11912 571
11913 575
11914 478
11915 575
11916 575
11917 575
11918 571
11919 423
11920 474
11921 432
11922 571
11923 432
11924 575
11925 578
11926 340
11927 474
11928 474
11929 432
11930 474
11931 578
11932 578
11933 474
11934 572
11935 474
11936 423
11937 583
11938 340
11939 474
11940 583
11941 432
11942 432
11943 572
11944 340
11945 570
11946 348
11947 474
11948 432
11949 432
11950 583
11951 571
11952 572
11953 478
11954 575
11955 432
11956 474
11957 423
11958 572
11959 423
11960 474
11961 432
11962 432
11963 432
11964 572
11965 340
11966 340
11967 478
11968 423
11969 583
11970 583
11971 474
11972 572
11973 571
11974 432
11975 474
11976 572
11977 572
11978 571
11979 474
11980 432
11981 571
11982 432
11983 423
11984 432
11985 578
11986 423
11987 474
11988 570
11989 423
11990 423
11991 432
11992 573
11993 348
11994 478
11995 423
11996 474
11997 432
11998 474
11999 570
12000 575
12001 575
12002 570
12003 340
12004 423
12005 432
12006 578
12007 584
12008 575
12009 474
12010 474
12011 578
12012 340
12013 474
12014 578
12015 340
12016 432
12017 474
12018 423
12019 432
12020 572
12021 572
12022 571
12023 572
12024 570
12025 423
12026 423
12027 474
12028 432
12029 478
12030 478
12031 432
12032 348
12033 474
12034 423
12035 572
12036 474
12037 575
12038 572
12039 575
12040 432
12041 570
12042 478
12043 340
12044 474
12045 474
12046 423
12047 575
12048 423
12049 432
12050 474
12051 578
12052 474
12053 340
12054 478
12055 474
12056 575
12057 340
12058 572
12059 478
12060 474
12061 474
12062 572
12063 432
12064 572
12065 425
12066 423
12067 432
12068 474
12069 570
12070 423
12071 348
12072 478
12073 423
12074 474
12075 572
12076 432
12077 573
12078 348
12079 575
12080 340
12081 423
12082 423
12083 478
12084 423
12085 474
12086 572
12087 474
12088 474
12089 575
12090 575
12091 474
12092 478
12093 474
12094 570
12095 578
12096 572
12097 474
12098 474
12099 474
12100 572
12101 432
12102 572
12103 570
12104 423
12105 432
12106 583
12107 474
12108 571
12109 572
12110 423
12111 578
12112 478
12113 478
12114 572
12115 348
12116 575
12117 578
12118 478
12119 572
12120 571
12121 423
12122 578
12123 423
12124 423
12125 432
12126 572
12127 478
12128 423
12129 575
12130 474
12131 478
12132 432
12133 572
12134 572
12135 423
12136 423
12137 572
12138 474
12139 570
12140 423
12141 423
12142 572
12143 474
12144 578
12145 474
12146 348
12147 572
12148 572
12149 348
12150 572
12151 432
12152 474
12153 348
12154 432
12155 423
12156 348
12157 572
12158 572
12159 583
12160 474
12161 348
12162 478
12163 348
12164 478
12165 474
12166 432
12167 340
12168 423
12169 575
12170 348
12171 432
12172 478
12173 575
12174 340
12175 432
12176 340
12177 478
12178 474
12179 478
12180 572
12181 432
12182 348
12183 423
12184 474
12185 432
12186 571
12187 423
12188 340
12189 348
12190 348
12191 578
12192 423
12193 432
12194 423
12195 578
12196 432
12197 478
12198 348
12199 340
12200 572
12201 474
12202 432
12203 474
12204 423
12205 474
12206 423
12207 578
12208 474
12209 474
12210 474
12211 570
12212 572
12213 478
12214 578
12215 572
12216 432
12217 478
12218 478
12219 474
12220 423
12221 340
12222 572
12223 583
12224 571
12225 474
12226 572
12227 478
12228 423
12229 478
12230 432
12231 474
12232 423
12233 474
12234 578
12235 571
12236 423
12237 432
12238 572
12239 474
12240 348
12241 340
12242 572
12243 432
12244 474
12245 474
12246 474
12247 578
12248 432
12249 432
12250 571
12251 474
12252 268
12253 571
12254 572
12255 575
12256 423
12257 572
12258 575
12259 478
12260 572
12261 340
12262 423
12263 340
12264 348
12265 478
12266 583
12267 575
12268 474
12269 474
12270 340
12271 474
12272 432
12273 572
12274 572
12275 583
12276 474
12277 578
12278 572
12279 474
12280 432
12281 340
12282 348
12283 572
12284 474
12285 432
12286 478
12287 432
12288 423
12289 578
12290 571
12291 478
12292 583
12293 348
12294 423
12295 571
12296 340
12297 572
12298 575
12299 423
12300 571
12301 478
12302 348
12303 572
12304 432
12305 575
12306 478
12307 423
12308 572
12309 578
12310 574
12311 340
12312 340
12313 478
12314 348
12315 474
12316 571
12317 578
12318 570
12319 348
12320 583
12321 474
12322 340
12323 432
12324 474
12325 432
12326 474
12327 423
12328 572
12329 572
12330 340
12331 478
12332 423
12333 432
12334 340
12335 571
12336 432
12337 348
12338 432
12339 575
12340 474
12341 572
12342 478
12343 583
12344 432
12345 578
12346 571
12347 474
12348 474
12349 572
12350 474
12351 423
12352 570
12353 432
12354 432
12355 571
12356 572
12357 423
12358 432
12359 478
12360 432
12361 571
12362 474
12363 573
12364 432
12365 432
12366 575
12367 578
12368 474
12369 474
12370 478
12371 578
12372 572
12373 474
12374 474
12375 432
12376 583
12377 474
12378 423
12379 478
12380 423
12381 432
12382 578
12383 575
12384 575
12385 478
12386 432
12387 570
12388 572
12389 583
12390 423
12391 425
12392 571
12393 348
12394 572
12395 572
12396 348
12397 632
12398 583
12399 432
12400 348
12401 432
12402 578
12403 423
12404 575
12405 571
12406 478
12407 478
12408 578
12409 432
12410 474
12411 578
12412 572
12413 478
12414 583
12415 578
12416 432
12417 572
12418 578
12419 578
12420 432
12421 578
12422 474
12423 478
12424 432
12425 432
12426 578
12427 432
12428 478
12429 423
12430 432
12431 572
12432 423
12433 578
12434 478
12435 575
12436 348
12437 432
12438 432
12439 572
12440 575
12441 432
12442 572
12443 575
12444 575
12445 474
12446 575
12447 432
12448 432
12449 432
12450 348
12451 432
12452 423
12453 474
12454 474
12455 474
12456 578
12457 570
12458 571
12459 425
12460 432
12461 474
12462 478
12463 474
12464 432
12465 340
12466 570
12467 572
12468 570
12469 478
12470 474
12471 474
12472 578
12473 478
12474 432
12475 570
12476 348
12477 340
12478 570
12479 340
12480 572
12481 571
12482 340
12483 432
12484 423
12485 575
12486 583
12487 583
12488 570
12489 474
12490 474
12491 474
12492 423
12493 474
12494 572
12495 478
12496 572
12497 578
12498 572
12499 570
12500 572
12501 575
12502 478
12503 474
12504 578
12505 348
12506 575
12507 432
12508 432
12509 474
12510 583
12511 478
12512 571
12513 425
12514 572
12515 423
12516 583
12517 474
12518 423
12519 423
12520 432
12521 575
12522 474
12523 578
12524 571
12525 432
12526 432
12527 578
12528 571
12529 474
12530 478
12531 572
12532 425
12533 340
12534 572
12535 432
12536 474
12537 474
12538 432
12539 572
12540 474
12541 348
12542 578
12543 583
12544 572
12545 571
12546 571
12547 474
12548 474
12549 474
12550 575
12551 583
12552 474
12553 575
12554 474
12555 478
12556 340
12557 474
12558 578
12559 474
12560 478
12561 575
12562 583
12563 575
12564 474
12565 571
12566 583
12567 478
12568 432
12569 474
12570 474
12571 474
12572 423
12573 571
12574 478
12575 575
12576 571
12577 572
12578 578
12579 572
12580 575
12581 572
12582 423
12583 474
12584 578
12585 572
12586 423
12587 423
12588 423
12589 478
12590 575
12591 570
12592 432
12593 478
12594 478
12595 340
12596 572
12597 474
12598 423
12599 575
12600 478
12601 423
12602 348
12603 340
12604 340
12605 578
12606 572
12607 474
12608 478
12609 474
12610 432
12611 571
12612 348
12613 578
12614 571
12615 571
12616 423
12617 432
12618 423
12619 478
12620 423
12621 478
12622 340
12623 432
12624 478
12625 432
12626 478
12627 578
12628 575
12629 474
12630 474
12631 474
12632 572
12633 432
12634 575
12635 432
12636 474
12637 571
12638 578
12639 572
12640 474
12641 575
12642 572
12643 571
12644 432
12645 348
12646 572
12647 478
12648 474
12649 432
12650 474
12651 575
12652 478
12653 478
12654 478
12655 583
12656 340
12657 572
12658 578
12659 578
12660 474
12661 432
12662 578
12663 578
12664 432
12665 572
12666 340
12667 432
12668 474
12669 474
12670 423
12671 474
12672 572
12673 572
12674 340
12675 578
12676 474
12677 575
12678 571
12679 348
12680 570
12681 432
12682 423
12683 474
12684 572
12685 571
12686 478
12687 348
12688 423
12689 571
12690 572
12691 478
12692 423
12693 571
12694 423
12695 474
12696 348
12697 478
12698 423
12699 572
12700 474
12701 423
12702 348
12703 423
12704 478
12705 432
12706 575
12707 571
12708 423
12709 578
12710 572
12711 474
12712 575
12713 571
12714 423
12715 575
12716 575
12717 572
12718 432
12719 423
12720 478
12721 268
12722 572
12723 340
12724 474
12725 478
12726 474
12727 474
12728 578
12729 423
12730 571
12731 432
12732 478
12733 570
12734 571
12735 571
12736 583
12737 474
12738 571
12739 474
12740 578
12741 575
12742 340
12743 474
12744 432
12745 575
12746 432
12747 578
12748 340
12749 575
12750 423
12751 571
12752 423
12753 423
12754 474
12755 432
12756 474
12757 423
12758 432
12759 478
12760 575
12761 432
12762 474
12763 474
12764 432
12765 572
12766 432
12767 572
12768 423
12769 474
12770 570
12771 423
12772 474
12773 432
12774 578
12775 474
12776 474
12777 571
12778 572
12779 432
12780 578
12781 578
12782 474
12783 348
12784 423
12785 572
12786 340
12787 478
12788 570
12789 572
12790 432
12791 578
12792 478
12793 423
12794 571
12795 348
12796 474
12797 578
12798 423
12799 575
12800 578
12801 572
12802 340
12803 572
12804 575
12805 423
12806 340
12807 578
12808 432
12809 570
12810 633
12811 478
12812 634
12813 423
12814 478
12815 570
12816 571
12817 474
12818 423
12819 575
12820 423
12821 423
12822 432
12823 423
12824 583
12825 340
12826 474
12827 423
12828 474
12829 570
12830 474
12831 483
12832 348
12833 570
12834 570
12835 432
12836 572
12837 571
12838 572
12839 478
12840 572
12841 340
12842 423
12843 423
12844 432
12845 474
12846 575
12847 432
12848 478
12849 572
12850 571
12851 575
12852 572
12853 572
12854 423
12855 348
12856 578
12857 423
12858 499
12859 474
12860 474
12861 570
12862 571
12863 432
12864 474
12865 575
12866 432
12867 432
12868 578
12869 478
12870 575
12871 578
12872 348
12873 474
12874 578
12875 474
12876 572
12877 348
12878 571
12879 570
12880 578
12881 583
12882 570
12883 572
12884 478
12885 572
12886 432
12887 432
12888 571
12889 572
12890 572
12891 575
12892 348
12893 575
12894 572
12895 575
12896 423
12897 425
12898 423
12899 348
12900 474
12901 478
12902 571
12903 478
12904 423
12905 432
12906 572
12907 423
12908 432
12909 432
12910 474
12911 575
12912 432
12913 348
12914 474
12915 478
12916 423
12917 571
12918 340
12919 474
12920 571
12921 478
12922 578
12923 423
12924 478
12925 478
12926 423
12927 432
12928 432
12929 474
12930 432
12931 474
12932 432
12933 474
12934 348
12935 423
12936 572
12937 423
12938 432
12939 340
12940 348
12941 570
12942 474
12943 478
12944 423
12945 583
12946 572
12947 432
12948 578
12949 423
12950 423
12951 575
12952 423
12953 474
12954 474
12955 474
12956 348
12957 340
12958 425
12959 572
12960 340
12961 474
12962 478
12963 572
12964 432
12965 570
12966 432
12967 570
12968 474
12969 474
12970 578
12971 575
12972 575
12973 572
12974 572
12975 340
12976 474
12977 340
12978 578
12979 573
12980 474
12981 474
12982 474
12983 340
12984 474
12985 478
12986 432
12987 572
12988 432
12989 572
12990 575
12991 572
12992 578
12993 572
12994 423
12995 423
12996 432
12997 474
12998 575
12999 572
13000 432
13001 575
13002 583
13003 474
13004 474
13005 572
13006 478
13007 572
13008 474
13009 571
13010 474
13011 474
13012 578
13013 478
13014 432
13015 578
13016 474
13017 474
13018 578
13019 432
13020 478
13021 340
13022 478
13023 423
13024 432
13025 572
13026 340
13027 474
13028 571
13029 423
13030 575
13031 578
13032 423
13033 474
13034 578
13035 474
13036 432
13037 432
13038 423
13039 268
13040 478
13041 423
13042 432
13043 572
13044 570
13045 572
13046 572
13047 432
13048 478
13049 571
13050 578
13051 575
13052 340
13053 432
13054 575
13055 474
13056 575
13057 478
13058 478
13059 423
13060 478
13061 425
13062 423
13063 474
13064 478
13065 474
13066 423
13067 340
13068 474
13069 578
13070 423
13071 474
13072 572
13073 583
13074 423
13075 575
13076 474
13077 432
13078 474
13079 478
13080 578
13081 432
13082 478
13083 571
13084 432
13085 478
13086 478
13087 571
13088 478
13089 432
13090 474
13091 570
13092 572
13093 571
13094 474
13095 348
13096 340
13097 348
13098 478
13099 572
13100 423
13101 432
13102 474
13103 478
13104 474
13105 348
13106 478
13107 348
13108 478
13109 474
13110 474
13111 573
13112 340
13113 474
13114 423
13115 572
13116 340
13117 474
13118 474
13119 571
13120 478
13121 575
13122 575
13123 474
13124 572
13125 571
13126 572
13127 423
13128 432
13129 572
13130 432
13131 572
13132 478
13133 423
13134 432
13135 423
13136 348
13137 572
13138 478
13139 423
13140 478
13141 474
13142 340
13143 572
13144 423
13145 340
13146 478
13147 432
13148 478
13149 423
13150 432
13151 584
13152 474
13153 478
13154 423
13155 474
13156 423
13157 575
13158 572
13159 571
13160 570
13161 348
13162 474
13163 474
13164 572
13165 432
13166 427
13167 348
13168 572
13169 578
13170 578
13171 432
13172 423
13173 474
13174 572
13175 572
13176 478
13177 478
13178 340
13179 573
13180 571
13181 348
13182 572
13183 432
13184 570
13185 423
13186 578
13187 423
13188 578
13189 575
13190 474
13191 478
13192 570
13193 478
13194 474
13195 578
13196 478
13197 474
13198 572
13199 571
13200 474
13201 432
13202 474
13203 572
13204 474
13205 478
13206 575
13207 423
13208 572
13209 474
13210 474
13211 340
13212 572
13213 572
13214 348
13215 578
13216 572
13217 423
13218 572
13219 340
13220 578
13221 432
13222 474
13223 474
13224 348
13225 572
13226 474
13227 572
13228 423
13229 572
13230 499
13231 570
13232 348
13233 583
13234 478
13235 571
13236 432
13237 474
13238 423
13239 432
13240 571
13241 474
13242 474
13243 575
13244 572
13245 474
13246 571
13247 432
13248 340
13249 478
13250 578
13251 575
13252 575
13253 572
13254 575
13255 572
13256 474
13257 571
13258 575
13259 423
13260 474
13261 423
13262 432
13263 474
13264 571
13265 571
13266 355
13267 635
13268 15
13269 355
13270 636
13271 637
13272 638
13273 499
13274 570
13275 639
13276 340
13277 483
13278 355
