1 0
2 116
3 2
4 0
5 4
6 5
7 25
8 50
9 8
10 26
11 10
12 11
13 61
14 10
15 5
16 15
17 16
18 45
19 29
20 43
21 20
22 28
23 22
24 23
25 29
26 25
27 26
28 27
29 28
30 29
31 25
32 20
33 30
34 31
35 6
36 30
37 2
38 25
39 22
40 201
41 5
42 18
43 69
44 29
45 11
46 29
47 41
48 42
49 12
50 44
51 45
52 80
53 27
54 42
55 12
56 61
57 47
58 48
59 42
60 0
61 20
62 49
63 12
64 50
65 11
66 51
67 52
68 82
69 53
70 20
71 29
72 10
73 29
74 111
75 80
76 58
77 53
78 59
79 10
80 21
81 61
82 26
83 0
84 45
85 20
86 62
87 29
88 26
89 26
90 51
91 33
92 72
93 61
94 110
95 26
96 202
97 30
98 61
99 0
100 33
101 20
102 53
103 42
104 33
105 203
106 204
107 28
108 10
109 45
110 28
111 72
112 27
113 72
114 12
115 29
116 48
117 20
118 73
119 205
120 28
121 17
122 2
123 2
124 12
125 29
126 206
127 27
128 18
129 61
130 73
131 20
132 20
133 9
134 54
135 11
136 69
137 77
138 66
139 51
140 51
141 44
142 29
143 32
144 98
145 61
146 4
147 82
148 27
149 18
150 78
151 29
152 41
153 26
154 80
155 41
156 25
157 28
158 50
159 11
160 30
161 30
162 42
163 207
164 10
165 42
166 42
167 82
168 11
169 85
170 32
171 27
172 20
173 78
174 26
175 26
176 21
177 84
178 26
179 0
180 5
181 82
182 85
183 28
184 10
185 72
186 20
187 12
188 26
189 33
190 28
191 73
192 11
193 10
194 11
195 31
196 20
197 17
198 26
199 26
200 45
201 72
202 29
203 14
204 11
205 88
206 28
207 12
208 20
209 20
210 11
211 82
212 89
213 28
214 20
215 0
216 72
217 52
218 26
219 73
220 89
221 72
222 2
223 56
224 91
225 95
226 26
227 28
228 18
229 26
230 93
231 11
232 26
233 26
234 82
235 5
236 72
237 28
238 23
239 20
240 8
241 82
242 44
243 0
244 27
245 116
246 61
247 15
248 56
249 31
250 10
251 10
252 33
253 10
254 48
255 208
256 33
257 26
258 59
259 31
260 22
261 0
262 41
263 16
264 33
265 15
266 48
267 42
268 26
269 95
270 77
271 18
272 29
273 97
274 0
275 0
276 29
277 116
278 26
279 89
280 51
281 18
282 26
283 10
284 29
285 42
286 52
287 85
288 42
289 20
290 82
291 85
292 26
293 27
294 17
295 103
296 52
297 22
298 72
299 72
300 33
301 26
302 104
303 62
304 27
305 10
306 80
307 28
308 89
309 84
310 82
311 10
312 17
313 17
314 25
315 73
316 29
317 72
318 95
319 33
320 30
321 61
322 28
323 5
324 9
325 27
326 209
327 48
328 5
329 45
330 10
331 26
332 54
333 5
334 48
335 66
336 32
337 59
338 17
339 69
340 45
341 59
342 2
343 77
344 32
345 61
346 48
347 32
348 84
349 25
350 98
351 42
352 82
353 62
354 26
355 0
356 12
357 16
358 20
359 59
360 72
361 69
362 3
363 93
364 10
365 26
366 27
367 5
368 20
369 69
370 97
371 56
372 72
373 42
374 11
375 28
376 28
377 48
378 82
379 45
380 61
381 10
382 30
383 20
384 0
385 26
386 48
387 29
388 62
389 18
390 30
391 28
392 26
393 28
394 42
395 26
396 28
397 10
398 0
399 10
400 28
401 93
402 98
403 28
404 10
405 2
406 89
407 50
408 20
409 26
410 11
411 32
412 32
413 82
414 0
415 20
416 21
417 28
418 28
419 68
420 33
421 28
422 0
423 110
424 28
425 26
426 0
427 14
428 61
429 29
430 11
431 42
432 48
433 61
434 29
435 42
436 28
437 111
438 77
439 8
440 88
441 28
442 0
443 5
444 126
445 27
446 20
447 45
448 5
449 82
450 80
451 48
452 28
453 28
454 28
455 73
456 26
457 23
458 50
459 20
460 51
461 41
462 2
463 42
464 45
465 95
466 2
467 9
468 72
469 72
470 25
471 26
472 26
473 11
474 28
475 9
476 29
477 25
478 50
479 28
480 72
481 62
482 4
483 10
484 61
485 73
486 3
487 0
488 98
489 29
490 22
491 26
492 28
493 20
494 20
495 26
496 69
497 29
498 27
499 72
500 18
501 26
502 10
503 26
504 10
505 61
506 84
507 32
508 23
509 32
510 20
511 2
512 20
513 26
514 17
515 72
516 134
517 4
518 42
519 30
520 50
521 29
522 210
523 28
524 11
525 73
526 82
527 30
528 89
529 0
530 211
531 82
532 28
533 42
534 66
535 0
536 98
537 26
538 29
539 61
540 28
541 68
542 42
543 28
544 20
545 28
546 26
547 28
548 10
549 89
550 26
551 3
552 25
553 46
554 26
555 96
556 8
557 84
558 28
559 50
560 11
561 89
562 28
563 53
564 8
565 95
566 12
567 89
568 25
569 5
570 26
571 50
572 84
573 6
574 10
575 10
576 44
577 25
578 28
579 10
580 72
581 66
582 88
583 51
584 88
585 73
586 26
587 11
588 89
589 20
590 11
591 20
592 52
593 26
594 51
595 18
596 85
597 72
598 31
599 26
600 73
601 11
602 22
603 82
604 27
605 28
606 2
607 93
608 42
609 10
610 18
611 44
612 30
613 28
614 52
615 18
616 22
617 42
618 73
619 212
620 30
621 61
622 50
623 28
624 28
625 31
626 73
627 73
628 56
629 18
630 11
631 69
632 42
633 48
634 28
635 98
636 26
637 32
638 28
639 72
640 25
641 48
642 22
643 11
644 10
645 27
646 51
647 80
648 27
649 12
650 28
651 20
652 30
653 11
654 62
655 45
656 84
657 80
658 0
659 26
660 20
661 20
662 10
663 30
664 21
665 213
666 98
667 28
668 61
669 54
670 26
671 20
672 46
673 68
674 0
675 85
676 25
677 28
678 69
679 4
680 116
681 61
682 49
683 0
684 26
685 84
686 28
687 27
688 23
689 30
690 82
691 42
692 8
693 214
694 15
695 61
696 28
697 29
698 30
699 89
700 26
701 50
702 26
703 73
704 42
705 28
706 26
707 30
708 5
709 28
710 29
711 48
712 28
713 25
714 72
715 20
716 61
717 89
718 10
719 126
720 2
721 73
722 4
723 28
724 31
725 45
726 30
727 17
728 61
729 8
730 28
731 215
732 51
733 28
734 15
735 15
736 93
737 30
738 11
739 61
740 45
741 116
742 5
743 5
744 103
745 66
746 84
747 2
748 18
749 22
750 44
751 26
752 11
753 5
754 61
755 32
756 33
757 18
758 84
759 77
760 11
761 8
762 33
763 89
764 18
765 72
766 72
767 22
768 91
769 20
770 73
771 26
772 5
773 8
774 31
775 45
776 20
777 26
778 26
779 27
780 82
781 61
782 30
783 25
784 45
785 80
786 31
787 29
788 42
789 33
790 29
791 32
792 33
793 20
794 32
795 82
796 48
797 20
798 23
799 45
800 0
801 69
802 72
803 28
804 97
805 9
806 27
807 10
808 44
809 61
810 0
811 51
812 84
813 2
814 82
815 29
816 56
817 51
818 0
819 20
820 3
821 82
822 10
823 10
824 61
825 10
826 26
827 45
828 10
829 0
830 61
831 28
832 51
833 48
834 0
835 69
836 11
837 216
838 84
839 48
840 26
841 97
842 5
843 0
844 45
845 52
846 58
847 28
848 4
849 51
850 72
851 98
852 77
853 26
854 29
855 93
856 11
857 72
858 2
859 32
860 69
861 11
862 45
863 31
864 25
865 26
866 4
867 30
868 48
869 26
870 10
871 27
872 25
873 217
874 8
875 0
876 72
877 11
878 73
879 25
880 0
881 28
882 31
883 30
884 72
885 27
886 32
887 84
888 59
889 56
890 52
891 218
892 20
893 26
894 116
895 61
896 32
897 33
898 219
899 84
900 20
901 20
902 26
903 29
904 20
905 33
906 72
907 2
908 26
909 98
910 53
911 48
912 80
913 45
914 59
915 10
916 32
917 84
918 95
919 20
920 4
921 20
922 31
923 28
924 28
925 10
926 26
927 0
928 20
929 51
930 72
931 28
932 29
933 73
934 61
935 28
936 30
937 26
938 11
939 20
940 20
941 25
942 27
943 61
944 72
945 73
946 89
947 80
948 84
949 51
950 8
951 10
952 4
953 29
954 59
955 28
956 49
957 0
958 20
959 56
960 106
961 95
962 91
963 29
964 28
965 73
966 26
967 0
968 20
969 28
970 29
971 28
972 220
973 93
974 2
975 69
976 67
977 29
978 32
979 11
980 11
981 29
982 21
983 82
984 26
985 30
986 96
987 52
988 51
989 29
990 28
991 221
992 25
993 62
994 0
995 52
996 2
997 53
998 84
999 28
1000 20
1001 5
1002 20
1003 26
1004 26
1005 62
1006 20
1007 80
1008 29
1009 30
1010 26
1011 0
1012 116
1013 48
1014 30
1015 20
1016 9
1017 20
1018 11
1019 61
1020 28
1021 0
1022 61
1023 222
1024 11
1025 20
1026 5
1027 5
1028 10
1029 0
1030 32
1031 30
1032 26
1033 20
1034 10
1035 98
1036 82
1037 223
1038 18
1039 10
1040 224
1041 5
1042 225
1043 27
1044 28
1045 27
1046 11
1047 48
1048 11
1049 11
1050 26
1051 33
1052 28
1053 12
1054 66
1055 42
1056 20
1057 20
1058 28
1059 28
1060 27
1061 77
1062 5
1063 89
1064 9
1065 12
1066 33
1067 116
1068 25
1069 80
1070 0
1071 17
1072 26
1073 17
1074 28
1075 28
1076 42
1077 98
1078 33
1079 26
1080 80
1081 56
1082 85
1083 84
1084 134
1085 77
1086 61
1087 20
1088 61
1089 111
1090 28
1091 56
1092 5
1093 11
1094 98
1095 26
1096 26
1097 31
1098 20
1099 22
1100 5
1101 29
1102 10
1103 42
1104 5
1105 28
1106 10
1107 29
1108 62
1109 80
1110 29
1111 42
1112 20
1113 33
1114 11
1115 28
1116 2
1117 32
1118 12
1119 2
1120 25
1121 26
1122 69
1123 62
1124 59
1125 72
1126 80
1127 29
1128 72
1129 89
1130 45
1131 98
1132 50
1133 28
1134 10
1135 29
1136 48
1137 62
1138 33
1139 20
1140 51
1141 80
1142 27
1143 27
1144 11
1145 51
1146 20
1147 77
1148 45
1149 89
1150 29
1151 84
1152 51
1153 95
1154 45
1155 91
1156 12
1157 42
1158 42
1159 98
1160 26
1161 28
1162 12
1163 11
1164 226
1165 30
1166 48
1167 0
1168 28
1169 72
1170 227
1171 80
1172 26
1173 11
1174 46
1175 26
1176 25
1177 2
1178 45
1179 41
1180 51
1181 0
1182 29
1183 29
1184 98
1185 26
1186 11
1187 20
1188 95
1189 54
1190 27
1191 20
1192 0
1193 11
1194 29
1195 45
1196 27
1197 11
1198 11
1199 48
1200 45
1201 26
1202 5
1203 9
1204 28
1205 26
1206 53
1207 28
1208 30
1209 45
1210 28
1211 97
1212 82
1213 42
1214 48
1215 26
1216 28
1217 82
1218 30
1219 26
1220 28
1221 11
1222 25
1223 17
1224 27
1225 27
1226 26
1227 31
1228 48
1229 42
1230 28
1231 29
1232 33
1233 33
1234 10
1235 53
1236 93
1237 82
1238 20
1239 33
1240 73
1241 0
1242 28
1243 28
1244 27
1245 31
1246 93
1247 0
1248 30
1249 82
1250 26
1251 11
1252 228
1253 96
1254 0
1255 25
1256 25
1257 66
1258 26
1259 27
1260 72
1261 12
1262 72
1263 22
1264 82
1265 32
1266 4
1267 25
1268 29
1269 28
1270 72
1271 25
1272 72
1273 22
1274 18
1275 48
1276 8
1277 20
1278 32
1279 11
1280 29
1281 32
1282 20
1283 20
1284 26
1285 29
1286 93
1287 22
1288 25
1289 26
1290 27
1291 25
1292 28
1293 32
1294 73
1295 42
1296 45
1297 20
1298 0
1299 26
1300 52
1301 229
1302 10
1303 66
1304 27
1305 0
1306 72
1307 31
1308 84
1309 27
1310 51
1311 84
1312 85
1313 11
1314 26
1315 9
1316 28
1317 0
1318 95
1319 5
1320 59
1321 18
1322 53
1323 51
1324 89
1325 95
1326 5
1327 28
1328 72
1329 56
1330 28
1331 41
1332 26
1333 20
1334 26
1335 51
1336 95
1337 51
1338 26
1339 11
1340 48
1341 61
1342 20
1343 45
1344 11
1345 29
1346 0
1347 82
1348 0
1349 2
1350 17
1351 20
1352 80
1353 69
1354 20
1355 20
1356 91
1357 230
1358 29
1359 48
1360 30
1361 56
1362 28
1363 52
1364 28
1365 48
1366 59
1367 0
1368 95
1369 29
1370 29
1371 72
1372 28
1373 28
1374 41
1375 5
1376 27
1377 10
1378 26
1379 72
1380 95
1381 72
1382 0
1383 91
1384 32
1385 26
1386 29
1387 30
1388 73
1389 10
1390 2
1391 69
1392 45
1393 42
1394 45
1395 28
1396 23
1397 62
1398 77
1399 28
1400 231
1401 28
1402 18
1403 82
1404 21
1405 28
1406 11
1407 51
1408 29
1409 56
1410 20
1411 5
1412 23
1413 9
1414 72
1415 84
1416 111
1417 116
1418 31
1419 33
1420 10
1421 22
1422 93
1423 22
1424 11
1425 45
1426 2
1427 50
1428 93
1429 27
1430 51
1431 20
1432 9
1433 30
1434 18
1435 0
1436 32
1437 12
1438 27
1439 5
1440 28
1441 0
1442 29
1443 73
1444 28
1445 53
1446 25
1447 93
1448 28
1449 48
1450 10
1451 93
1452 20
1453 0
1454 28
1455 72
1456 85
1457 5
1458 80
1459 11
1460 72
1461 69
1462 27
1463 27
1464 72
1465 5
1466 11
1467 84
1468 10
1469 46
1470 10
1471 9
1472 61
1473 28
1474 4
1475 11
1476 8
1477 69
1478 10
1479 28
1480 62
1481 42
1482 29
1483 26
1484 62
1485 89
1486 116
1487 45
1488 62
1489 116
1490 26
1491 9
1492 20
1493 84
1494 42
1495 0
1496 28
1497 25
1498 30
1499 30
1500 56
1501 26
1502 26
1503 52
1504 25
1505 67
1506 26
1507 18
1508 48
1509 0
1510 29
1511 26
1512 5
1513 82
1514 20
1515 59
1516 52
1517 89
1518 11
1519 47
1520 10
1521 25
1522 26
1523 68
1524 98
1525 31
1526 84
1527 45
1528 11
1529 89
1530 42
1531 21
1532 20
1533 51
1534 5
1535 29
1536 26
1537 26
1538 20
1539 62
1540 9
1541 82
1542 45
1543 11
1544 45
1545 50
1546 20
1547 232
1548 42
1549 20
1550 45
1551 72
1552 20
1553 42
1554 10
1555 85
1556 42
1557 44
1558 0
1559 28
1560 71
1561 28
1562 82
1563 26
1564 20
1565 26
1566 42
1567 9
1568 28
1569 11
1570 25
1571 26
1572 233
1573 110
1574 31
1575 20
1576 26
1577 0
1578 93
1579 10
1580 98
1581 98
1582 66
1583 28
1584 56
1585 48
1586 28
1587 16
1588 20
1589 22
1590 62
1591 26
1592 8
1593 11
1594 30
1595 28
1596 91
1597 234
1598 29
1599 0
1600 29
1601 26
1602 4
1603 84
1604 30
1605 116
1606 26
1607 5
1608 18
1609 98
1610 29
1611 31
1612 44
1613 62
1614 2
1615 33
1616 69
1617 20
1618 26
1619 27
1620 28
1621 0
1622 33
1623 61
1624 10
1625 2
1626 20
1627 48
1628 28
1629 69
1630 80
1631 20
1632 20
1633 42
1634 10
1635 30
1636 20
1637 26
1638 59
1639 31
1640 12
1641 18
1642 98
1643 12
1644 26
1645 72
1646 73
1647 44
1648 10
1649 0
1650 23
1651 28
1652 20
1653 25
1654 30
1655 20
1656 28
1657 30
1658 2
1659 29
1660 31
1661 44
1662 29
1663 23
1664 20
1665 28
1666 84
1667 26
1668 0
1669 42
1670 11
1671 89
1672 11
1673 45
1674 26
1675 32
1676 48
1677 28
1678 25
1679 89
1680 15
1681 12
1682 0
1683 31
1684 28
1685 18
1686 95
1687 26
1688 11
1689 51
1690 95
1691 80
1692 26
1693 20
1694 18
1695 61
1696 42
1697 69
1698 10
1699 5
1700 10
1701 93
1702 71
1703 45
1704 50
1705 53
1706 25
1707 0
1708 11
1709 45
1710 41
1711 31
1712 27
1713 98
1714 93
1715 44
1716 25
1717 26
1718 25
1719 56
1720 44
1721 33
1722 84
1723 11
1724 26
1725 30
1726 84
1727 73
1728 31
1729 116
1730 45
1731 82
1732 45
1733 56
1734 45
1735 15
1736 51
1737 62
1738 10
1739 15
1740 0
1741 18
1742 0
1743 27
1744 45
1745 61
1746 31
1747 0
1748 98
1749 29
1750 73
1751 11
1752 10
1753 32
1754 67
1755 48
1756 66
1757 0
1758 29
1759 84
1760 12
1761 82
1762 20
1763 5
1764 56
1765 26
1766 28
1767 15
1768 20
1769 11
1770 59
1771 82
1772 27
1773 28
1774 98
1775 9
1776 42
1777 28
1778 56
1779 0
1780 28
1781 28
1782 20
1783 29
1784 29
1785 116
1786 26
1787 89
1788 11
1789 30
1790 10
1791 10
1792 28
1793 20
1794 41
1795 26
1796 116
1797 30
1798 0
1799 69
1800 95
1801 17
1802 106
1803 89
1804 26
1805 45
1806 31
1807 28
1808 12
1809 27
1810 10
1811 31
1812 20
1813 51
1814 10
1815 62
1816 20
1817 98
1818 22
1819 84
1820 48
1821 68
1822 93
1823 61
1824 20
1825 11
1826 32
1827 22
1828 62
1829 45
1830 0
1831 5
1832 28
1833 18
1834 27
1835 53
1836 20
1837 69
1838 42
1839 11
1840 12
1841 4
1842 45
1843 0
1844 25
1845 15
1846 27
1847 73
1848 62
1849 31
1850 51
1851 82
1852 10
1853 31
1854 31
1855 45
1856 62
1857 20
1858 93
1859 17
1860 56
1861 134
1862 32
1863 116
1864 85
1865 10
1866 48
1867 56
1868 116
1869 91
1870 93
1871 48
1872 28
1873 48
1874 32
1875 69
1876 12
1877 28
1878 10
1879 93
1880 11
1881 26
1882 26
1883 25
1884 10
1885 4
1886 126
1887 29
1888 30
1889 32
1890 50
1891 11
1892 235
1893 45
1894 48
1895 80
1896 23
