20867 815
20868 795
20869 860
20870 815
20871 795
20872 794
20873 859
20874 860
20875 856
20876 868
20877 856
20878 853
20879 856
20880 860
20881 843
20882 795
20883 856
20884 856
20885 794
20886 425
20887 843
20888 853
20889 815
20890 860
20891 795
20892 795
20893 795
20894 795
20895 631
20896 815
20897 795
20898 856
20899 860
20900 795
20901 795
20902 795
20903 795
20904 843
20905 868
20906 856
20907 860
20908 794
20909 856
20910 856
20911 856
20912 795
20913 795
20914 801
20915 795
20916 795
20917 795
20918 856
20919 795
20920 795
20921 795
20922 809
20923 795
20924 897
20925 853
20926 795
20927 868
20928 868
20929 815
20930 795
20931 856
20932 856
20933 860
20934 843
20935 815
20936 815
20937 795
20938 856
20939 860
20940 637
20941 853
20942 795
20943 856
20944 865
20945 856
20946 856
20947 794
20948 856
20949 795
20950 856
20951 794
20952 794
20953 856
20954 631
20955 795
20956 856
20957 795
20958 866
20959 815
20960 843
20961 794
20962 868
20963 815
20964 856
20965 795
20966 795
20967 856
20968 843
20969 795
20970 856
20971 815
20972 795
20973 815
20974 794
20975 815
20976 795
20977 795
20978 856
20979 856
20980 794
20981 853
20982 856
20983 860
20984 795
20985 795
20986 815
20987 815
20988 794
20989 795
20990 631
20991 631
20992 860
20993 795
20994 850
20995 856
20996 795
20997 795
20998 794
20999 795
21000 856
21001 843
21002 794
21003 853
21004 795
21005 856
21006 795
21007 732
21008 815
21009 843
21010 843
21011 794
21012 815
21013 795
21014 815
21015 795
21016 853
21017 795
21018 631
21019 795
21020 860
21021 794
21022 860
21023 795
21024 794
21025 856
21026 843
21027 815
21028 795
21029 853
21030 795
21031 795
21032 795
21033 815
21034 795
21035 815
21036 865
21037 815
21038 795
21039 860
21040 856
21041 860
21042 631
21043 795
21044 856
21045 856
21046 795
21047 795
21048 815
21049 843
21050 795
21051 843
21052 794
21053 795
21054 843
21055 631
21056 856
21057 631
21058 795
21059 843
21060 860
21061 815
21062 815
21063 815
21064 856
21065 815
21066 795
21067 795
21068 856
21069 815
21070 795
21071 860
21072 856
21073 795
21074 853
21075 853
21076 843
21077 856
21078 795
21079 795
21080 856
21081 794
21082 856
21083 856
21084 856
21085 856
21086 850
21087 795
21088 860
21089 815
21090 795
21091 795
21092 853
21093 795
21094 815
21095 795
21096 795
21097 801
21098 795
21099 860
21100 795
21101 795
21102 794
21103 856
21104 853
21105 794
21106 631
21107 856
21108 631
21109 795
21110 856
21111 856
21112 815
21113 815
21114 795
21115 856
21116 843
21117 843
21118 856
21119 853
21120 860
21121 631
21122 795
21123 795
21124 795
21125 843
21126 815
21127 795
21128 850
21129 860
21130 815
21131 795
21132 856
21133 860
21134 860
21135 856
21136 795
21137 795
21138 795
21139 853
21140 631
21141 795
21142 843
21143 856
21144 631
21145 868
21146 856
21147 853
21148 860
21149 795
21150 637
21151 815
21152 856
21153 815
21154 795
21155 794
21156 868
21157 860
21158 631
21159 795
21160 637
21161 795
21162 860
21163 795
21164 815
21165 795
21166 856
21167 856
21168 794
21169 856
21170 815
21171 631
21172 795
21173 856
21174 815
21175 843
21176 843
21177 795
21178 795
21179 856
21180 856
21181 856
21182 794
21183 860
21184 795
21185 853
21186 843
21187 856
21188 860
21189 795
21190 856
21191 843
21192 795
21193 815
21194 853
21195 795
21196 794
21197 865
21198 853
21199 856
21200 856
21201 853
21202 815
21203 795
21204 853
21205 815
21206 795
21207 868
21208 815
21209 795
21210 815
21211 795
21212 856
21213 860
21214 856
21215 860
21216 860
21217 843
21218 795
21219 815
21220 795
21221 856
21222 853
21223 815
21224 860
21225 843
21226 860
21227 843
21228 856
21229 815
21230 794
21231 795
21232 815
21233 856
21234 815
21235 815
21236 860
21237 815
21238 795
21239 794
21240 815
21241 856
21242 860
21243 815
21244 631
21245 631
21246 795
21247 843
21248 631
21249 795
21250 853
21251 856
21252 853
21253 843
21254 795
21255 815
21256 853
21257 815
21258 795
21259 794
21260 795
21261 794
21262 795
21263 856
21264 795
21265 795
21266 856
21267 815
21268 853
21269 794
21270 631
21271 856
21272 795
21273 860
21274 795
21275 843
21276 853
21277 856
21278 795
21279 795
21280 795
21281 815
21282 795
21283 843
21284 860
21285 795
21286 853
21287 856
21288 853
21289 815
21290 815
21291 853
21292 795
21293 856
21294 843
21295 853
21296 637
21297 843
21298 860
21299 794
21300 631
21301 795
21302 794
21303 637
21304 795
21305 795
21306 865
21307 856
21308 795
21309 795
21310 853
21311 843
21312 631
21313 794
21314 795
21315 853
21316 795
21317 815
21318 795
21319 794
21320 860
21321 843
21322 815
21323 795
21324 815
21325 631
21326 794
21327 795
21328 860
21329 853
21330 795
21331 795
21332 795
21333 795
21334 795
21335 795
21336 853
21337 860
21338 815
21339 795
21340 815
21341 795
21342 795
21343 843
21344 795
21345 795
21346 815
21347 856
21348 853
21349 795
21350 795
21351 815
21352 795
21353 815
21354 860
21355 815
21356 631
21357 843
21358 856
21359 795
21360 795
21361 843
21362 815
21363 795
21364 815
21365 795
21366 795
21367 815
21368 853
21369 853
21370 860
21371 853
21372 860
21373 795
21374 815
21375 856
21376 856
21377 795
21378 856
21379 860
21380 815
21381 794
21382 859
21383 815
21384 631
21385 860
21386 865
21387 631
21388 853
21389 795
21390 868
21391 856
21392 860
21393 631
21394 860
21395 637
21396 795
21397 815
21398 856
21399 795
21400 868
21401 815
21402 795
21403 795
21404 856
21405 856
21406 795
21407 795
21408 795
21409 795
21410 860
21411 795
21412 795
21413 795
21414 795
21415 843
21416 794
21417 631
21418 843
21419 795
21420 853
21421 856
21422 856
21423 860
21424 815
21425 795
21426 856
21427 795
21428 795
21429 795
21430 843
21431 853
21432 795
21433 795
21434 865
21435 856
21436 815
21437 860
21438 631
21439 860
21440 631
21441 631
21442 853
21443 795
21444 795
21445 856
21446 881
21447 815
21448 795
21449 795
21450 815
21451 853
21452 853
21453 860
21454 856
21455 795
21456 856
21457 795
21458 868
21459 860
21460 795
21461 795
21462 795
21463 860
21464 795
21465 815
21466 815
21467 853
21468 795
21469 795
21470 795
21471 815
21472 815
21473 856
21474 795
21475 795
21476 794
21477 868
21478 853
21479 795
21480 815
21481 856
21482 843
21483 868
21484 843
21485 815
21486 795
21487 860
21488 856
21489 856
21490 794
21491 794
21492 795
21493 815
21494 853
21495 795
21496 856
21497 843
21498 631
21499 795
21500 815
21501 856
21502 795
21503 853
21504 815
21505 795
21506 853
21507 856
21508 795
21509 853
21510 856
21511 795
21512 850
21513 795
21514 856
21515 860
21516 795
21517 631
21518 898
21519 853
21520 856
21521 856
21522 794
21523 843
21524 853
21525 856
21526 815
21527 795
21528 795
21529 795
21530 856
21531 794
21532 425
21533 795
21534 853
21535 856
21536 795
21537 795
21538 795
21539 795
21540 856
21541 856
21542 856
21543 860
21544 856
21545 795
21546 795
21547 631
21548 795
21549 795
21550 843
21551 809
21552 860
21553 795
21554 795
21555 795
21556 794
21557 795
21558 815
21559 815
21560 843
21561 795
21562 856
21563 795
21564 843
21565 856
21566 794
21567 795
21568 631
21569 860
21570 795
21571 856
21572 815
21573 853
21574 631
21575 795
21576 795
21577 843
21578 795
21579 853
21580 843
21581 856
21582 860
21583 815
21584 860
21585 795
21586 856
21587 795
21588 843
21589 815
21590 631
21591 815
21592 843
21593 795
21594 794
21595 856
21596 795
21597 794
21598 856
21599 795
21600 794
21601 690
21602 853
21603 795
21604 815
21605 856
21606 815
21607 815
21608 856
21609 856
21610 868
21611 637
21612 856
21613 631
21614 860
21615 795
21616 795
21617 795
21618 795
21619 795
21620 856
21621 815
21622 795
21623 860
21624 853
21625 843
21626 794
21627 815
21628 815
21629 815
21630 856
21631 860
21632 856
21633 860
21634 795
21635 795
21636 794
21637 631
21638 795
21639 795
21640 795
21641 795
21642 795
21643 856
21644 856
21645 856
21646 631
21647 794
21648 856
21649 868
21650 815
21651 856
21652 795
21653 795
21654 815
21655 856
21656 856
21657 856
21658 795
21659 868
21660 853
21661 860
21662 795
21663 801
21664 843
21665 815
21666 795
21667 860
21668 815
21669 795
21670 860
21671 853
21672 856
21673 815
21674 856
21675 795
21676 856
21677 853
21678 853
21679 815
21680 856
21681 795
21682 631
21683 860
21684 815
21685 795
21686 795
21687 794
21688 795
21689 690
21690 843
21691 856
21692 795
21693 857
21694 795
21695 860
21696 732
21697 795
21698 856
21699 860
21700 856
21701 794
21702 856
21703 843
21704 868
21705 631
21706 637
21707 815
21708 795
21709 815
21710 794
21711 815
21712 843
21713 860
21714 631
21715 860
21716 856
21717 631
21718 794
21719 856
21720 795
21721 856
21722 794
21723 794
21724 860
21725 631
21726 794
21727 795
21728 860
21729 853
21730 795
21731 856
21732 865
21733 795
21734 795
21735 815
21736 860
21737 794
21738 795
21739 815
21740 853
21741 815
21742 856
21743 853
21744 795
21745 815
21746 853
21747 815
21748 856
21749 795
21750 856
21751 815
21752 795
21753 856
21754 795
21755 795
21756 794
21757 856
21758 795
21759 843
21760 815
21761 631
21762 795
21763 631
21764 868
21765 843
21766 795
21767 815
21768 815
21769 795
21770 794
21771 631
21772 860
21773 795
21774 732
21775 856
21776 860
21777 795
21778 856
21779 795
21780 853
21781 856
21782 795
21783 795
21784 856
21785 815
21786 843
21787 860
21788 860
21789 860
21790 856
21791 856
21792 795
21793 795
21794 853
21795 795
21796 843
21797 631
21798 856
21799 794
21800 795
21801 794
21802 815
21803 856
21804 631
21805 795
21806 795
21807 795
21808 843
21809 795
21810 815
21811 795
21812 860
21813 795
21814 856
21815 853
21816 795
21817 795
21818 794
21819 795
21820 795
21821 843
21822 794
21823 794
21824 815
21825 795
21826 815
21827 795
21828 815
21829 860
21830 795
21831 794
21832 795
21833 815
21834 794
21835 815
21836 795
21837 856
21838 856
21839 856
21840 795
21841 868
21842 853
21843 815
21844 795
21845 631
21846 856
21847 795
21848 856
21849 795
21850 794
21851 860
21852 795
21853 856
21854 856
21855 859
21856 853
21857 860
21858 794
21859 795
21860 795
21861 815
21862 795
21863 794
21864 795
21865 856
21866 868
21867 795
21868 853
21869 853
21870 631
21871 795
21872 856
21873 856
21874 815
21875 631
21876 843
21877 856
21878 794
21879 631
21880 860
21881 853
21882 856
21883 795
21884 815
21885 795
21886 795
21887 795
21888 856
21889 860
21890 850
21891 856
21892 856
21893 856
21894 795
21895 795
21896 815
21897 795
21898 815
21899 794
21900 795
21901 631
21902 856
21903 795
21904 843
21905 856
21906 795
21907 637
21908 853
21909 795
21910 860
21911 875
21912 794
21913 815
21914 856
21915 795
21916 843
21917 843
21918 856
21919 795
21920 856
21921 794
21922 794
21923 795
21924 795
21925 637
21926 815
21927 860
21928 853
21929 795
21930 815
21931 856
21932 856
21933 795
21934 795
21935 860
21936 795
21937 815
21938 868
21939 853
21940 860
21941 856
21942 801
21943 794
21944 795
21945 795
21946 843
21947 795
21948 856
21949 853
21950 815
21951 868
21952 815
21953 815
21954 843
21955 856
21956 815
21957 843
21958 815
21959 843
21960 860
21961 631
21962 815
21963 795
21964 815
21965 856
21966 853
21967 795
21968 794
21969 856
21970 795
21971 815
21972 795
21973 860
21974 856
21975 815
21976 860
21977 795
21978 815
21979 853
21980 795
21981 843
21982 853
21983 795
21984 856
21985 856
21986 795
21987 815
21988 795
21989 794
21990 795
21991 856
21992 795
21993 795
21994 795
21995 795
21996 794
21997 815
21998 853
21999 860
22000 795
22001 856
22002 853
22003 631
22004 860
22005 794
22006 795
22007 795
22008 795
22009 860
22010 860
22011 860
22012 860
22013 795
22014 856
22015 795
22016 856
22017 815
22018 860
22019 856
22020 795
22021 843
22022 795
22023 856
22024 856
22025 853
22026 795
22027 856
22028 856
22029 794
22030 794
22031 794
22032 856
22033 795
22034 795
22035 795
22036 856
22037 795
22038 860
22039 815
22040 795
22041 795
22042 853
22043 794
22044 856
22045 850
22046 690
22047 843
22048 637
22049 815
22050 856
22051 815
22052 843
22053 795
22054 853
22055 795
22056 795
22057 794
22058 853
22059 794
22060 853
22061 860
22062 843
22063 856
22064 860
22065 795
22066 853
22067 637
22068 856
22069 815
22070 631
22071 795
22072 843
22073 631
22074 795
22075 795
22076 815
22077 795
22078 853
22079 795
22080 860
22081 856
22082 794
22083 795
22084 795
22085 795
22086 860
22087 794
22088 856
22089 843
22090 856
22091 860
22092 795
22093 843
22094 853
22095 856
22096 853
22097 843
22098 856
22099 856
22100 794
22101 794
22102 860
22103 631
22104 860
22105 856
22106 860
22107 795
22108 795
22109 815
22110 868
22111 868
22112 794
22113 856
22114 856
22115 853
22116 856
22117 868
22118 856
22119 853
22120 795
22121 856
22122 794
22123 881
22124 843
22125 815
22126 860
22127 795
22128 795
22129 795
22130 860
22131 794
22132 856
22133 843
22134 853
22135 815
22136 795
22137 795
22138 853
22139 843
22140 794
22141 795
22142 860
22143 794
22144 856
22145 860
22146 795
22147 853
22148 853
22149 795
22150 795
22151 815
22152 875
22153 815
22154 815
22155 815
22156 795
22157 860
22158 815
22159 795
22160 795
22161 795
22162 795
22163 795
22164 795
22165 795
22166 856
22167 868
22168 795
22169 794
22170 815
22171 856
22172 815
22173 860
22174 853
22175 860
22176 856
22177 795
22178 868
22179 843
22180 795
22181 815
22182 856
22183 631
22184 795
22185 815
22186 843
22187 631
22188 815
22189 815
22190 631
22191 795
22192 631
22193 860
22194 856
22195 860
22196 795
22197 843
22198 853
22199 815
22200 794
22201 843
22202 631
22203 794
22204 795
22205 843
22206 856
22207 856
22208 795
22209 795
22210 631
22211 860
22212 795
22213 856
22214 794
22215 853
22216 815
22217 843
22218 860
22219 815
22220 853
22221 856
22222 815
22223 843
22224 631
22225 857
22226 795
22227 856
22228 631
22229 795
22230 856
22231 853
22232 843
22233 794
22234 856
22235 795
22236 860
22237 794
22238 853
22239 856
22240 795
22241 815
22242 795
22243 815
22244 860
22245 856
22246 856
22247 815
22248 815
22249 856
22250 856
22251 856
22252 843
22253 631
22254 843
22255 794
22256 795
22257 795
22258 795
22259 843
22260 860
22261 815
22262 631
22263 795
22264 795
22265 868
22266 856
22267 856
22268 856
22269 856
22270 815
22271 853
22272 631
22273 856
22274 795
22275 853
22276 856
22277 853
22278 795
22279 815
22280 795
22281 795
22282 856
22283 815
22284 856
22285 631
22286 815
22287 795
22288 853
22289 795
22290 856
22291 856
22292 815
22293 860
22294 795
22295 815
22296 815
22297 853
22298 856
22299 794
22300 794
22301 794
22302 794
22303 631
22304 860
22305 860
22306 815
22307 860
22308 860
22309 856
22310 794
22311 795
22312 795
22313 795
22314 856
22315 843
22316 843
22317 794
22318 856
22319 860
22320 795
22321 860
22322 853
22323 794
22324 794
22325 815
22326 795
22327 853
22328 795
22329 795
22330 856
22331 843
22332 795
22333 631
22334 856
22335 815
22336 795
22337 856
22338 843
22339 637
22340 860
22341 631
22342 853
22343 795
22344 856
22345 795
22346 843
22347 856
22348 843
22349 795
22350 795
22351 795
22352 795
22353 860
22354 795
22355 795
22356 856
22357 843
22358 856
22359 795
22360 815
22361 795
22362 853
22363 809
22364 815
22365 795
22366 637
22367 860
22368 795
22369 795
22370 794
22371 865
22372 795
22373 860
22374 631
22375 794
22376 795
22377 857
22378 856
22379 795
22380 795
22381 860
22382 856
22383 795
22384 795
22385 856
22386 795
22387 853
22388 795
22389 795
22390 815
22391 815
22392 795
22393 795
22394 815
22395 631
22396 815
22397 815
22398 853
22399 815
22400 815
22401 795
22402 853
22403 794
22404 815
22405 794
22406 815
22407 856
22408 853
22409 795
22410 795
22411 856
22412 856
22413 815
22414 795
22415 856
22416 843
22417 860
22418 794
22419 860
22420 843
22421 795
22422 795
22423 856
22424 853
22425 853
22426 815
22427 795
22428 853
22429 856
22430 843
22431 795
22432 815
22433 843
22434 860
22435 856
22436 631
22437 794
22438 856
22439 631
22440 856
22441 795
22442 843
22443 794
22444 795
22445 795
22446 843
22447 860
22448 795
22449 853
22450 794
22451 853
22452 860
22453 856
22454 853
22455 868
22456 853
22457 815
22458 856
22459 856
22460 795
22461 853
22462 795
22463 815
22464 875
22465 815
22466 868
22467 795
22468 815
22469 815
22470 794
22471 794
22472 795
22473 860
22474 853
22475 856
22476 815
22477 853
22478 631
22479 853
22480 631
22481 801
22482 795
22483 815
22484 795
22485 856
22486 860
22487 795
22488 795
22489 795
22490 860
22491 856
22492 815
22493 795
22494 631
22495 856
22496 853
22497 853
22498 794
22499 794
22500 843
22501 631
22502 856
22503 795
22504 856
22505 795
22506 815
22507 856
22508 794
22509 843
22510 815
22511 843
22512 856
22513 860
22514 795
22515 850
22516 795
22517 795
22518 795
22519 815
22520 795
22521 690
22522 631
22523 795
22524 794
22525 856
22526 795
22527 732
22528 843
22529 795
22530 794
22531 866
22532 868
22533 795
22534 856
22535 860
22536 794
22537 734
22538 815
22539 794
22540 853
22541 815
22542 860
22543 631
22544 795
22545 843
22546 868
22547 795
22548 795
22549 794
22550 815
22551 856
22552 853
22553 815
22554 795
22555 795
22556 843
22557 868
22558 795
22559 794
22560 856
22561 795
22562 856
22563 795
22564 843
22565 795
22566 637
22567 795
22568 795
22569 795
22570 795
22571 815
22572 794
22573 856
22574 856
22575 815
22576 856
22577 856
22578 795
22579 860
22580 843
22581 631
22582 815
22583 795
22584 795
22585 795
22586 795
22587 856
22588 815
22589 868
22590 815
22591 860
22592 815
22593 794
22594 631
22595 843
22596 856
22597 853
22598 631
22599 815
22600 795
22601 631
22602 853
22603 843
22604 860
22605 795
22606 794
22607 860
22608 860
22609 815
22610 795
22611 631
22612 856
22613 795
22614 795
22615 795
22616 843
22617 795
22618 795
22619 794
22620 856
22621 815
22622 631
22623 815
22624 795
22625 856
22626 631
22627 856
22628 843
22629 815
22630 856
22631 815
22632 815
22633 794
22634 815
22635 795
22636 856
22637 856
22638 795
22639 856
22640 815
22641 860
22642 860
22643 795
22644 875
22645 794
22646 795
22647 631
22648 795
22649 794
22650 856
22651 843
22652 853
22653 637
22654 868
22655 795
22656 795
22657 856
22658 795
22659 794
22660 860
22661 815
22662 794
22663 860
22664 815
22665 795
22666 815
22667 795
22668 795
22669 815
22670 860
22671 843
22672 794
22673 795
22674 860
22675 856
22676 843
22677 794
22678 868
22679 795
22680 856
22681 795
22682 856
22683 843
22684 795
22685 795
22686 795
22687 815
22688 809
22689 795
22690 853
22691 815
22692 856
22693 795
22694 795
22695 853
22696 794
22697 815
22698 815
22699 815
22700 853
22701 794
22702 850
22703 853
22704 795
22705 794
22706 795
22707 794
22708 631
22709 794
22710 815
22711 815
22712 795
22713 795
22714 795
22715 856
22716 843
22717 856
22718 795
22719 843
22720 794
22721 856
22722 856
22723 795
22724 631
22725 815
22726 795
22727 856
22728 795
22729 853
22730 801
22731 795
22732 795
22733 795
22734 815
22735 856
22736 795
22737 860
22738 795
22739 843
22740 795
22741 795
22742 857
22743 875
22744 690
22745 857
22746 857
22747 899
22748 690
22749 690
22750 875
22751 690
22752 857
22753 690
22754 631
22755 857
22756 857
22757 797
22758 797
22759 857
22760 857
22761 857
22762 797
22763 631
