22764 72
22765 97
22766 663
22767 795
22768 663
22769 72
22770 616
22771 663
22772 72
22773 795
22774 72
22775 15
22776 985
22777 97
22778 97
22779 795
22780 870
22781 663
22782 72
22783 97
22784 663
22785 986
22786 956
22787 97
22788 663
22789 795
22790 616
22791 987
22792 988
22793 439
22794 795
22795 72
22796 663
22797 677
22798 72
22799 987
22800 72
22801 956
22802 663
22803 795
22804 370
22805 72
22806 439
22807 987
22808 72
22809 72
22810 663
22811 663
22812 634
22813 663
22814 663
22815 663
22816 982
22817 795
22818 663
22819 72
22820 663
22821 663
22822 663
22823 663
22824 100
22825 795
22826 795
22827 795
22828 370
22829 236
22830 25
22831 439
22832 663
22833 956
22834 795
22835 97
22836 663
22837 956
22838 982
22839 983
22840 663
22841 677
22842 663
22843 663
22844 663
22845 72
22846 663
22847 982
22848 72
22849 795
22850 97
22851 956
22852 795
22853 956
22854 983
22855 731
22856 993
22857 616
22858 795
22859 72
22860 663
22861 956
22862 663
22863 795
22864 956
22865 663
22866 993
22867 795
22868 100
22869 439
22870 663
22871 616
22872 983
22873 72
22874 987
22875 72
22876 795
22877 956
22878 616
22879 795
22880 72
22881 72
22882 956
22883 439
22884 983
22885 956
22886 663
22887 663
22888 663
22889 663
22890 663
22891 677
22892 72
22893 663
22894 663
22895 616
22896 36
22897 983
22898 97
22899 993
22900 663
22901 72
22902 663
22903 72
22904 46
22905 987
22906 663
22907 795
22908 983
22909 616
22910 982
22911 983
22912 795
22913 663
22914 663
22915 983
22916 663
22917 795
22918 983
22919 72
22920 795
22921 97
22922 663
22923 983
22924 616
22925 956
22926 983
22927 72
22928 72
22929 72
22930 663
22931 983
22932 663
22933 72
22934 72
22935 121
22936 663
22937 370
22938 956
22939 983
22940 663
22941 663
22942 663
22943 983
22944 983
22945 795
22946 983
22947 677
22948 663
22949 983
22950 97
22951 795
22952 72
22953 987
22954 278
22955 983
22956 663
22957 983
22958 72
22959 616
22960 795
22961 100
22962 663
22963 663
22964 72
22965 663
22966 72
22967 100
22968 36
22969 439
22970 663
22971 983
22972 663
22973 795
22974 673
22975 72
22976 983
22977 236
22978 983
22979 956
22980 663
22981 795
22982 795
22983 956
22984 72
22985 987
22986 663
22987 795
22988 663
22989 616
22990 370
22991 795
22992 663
22993 97
22994 72
22995 663
22996 72
22997 987
22998 370
22999 100
23000 439
23001 663
23002 663
23003 795
23004 616
23005 663
23006 663
23007 72
23008 795
23009 982
23010 956
23011 100
23012 97
23013 956
23014 616
23015 956
23016 795
23017 795
23018 100
23019 663
23020 663
23021 616
23022 677
23023 663
23024 731
23025 663
23026 97
23027 956
23028 100
23029 795
23030 983
23031 982
23032 97
23033 983
23034 731
23035 956
23036 663
23037 956
23038 983
23039 370
23040 663
23041 72
23042 236
23043 956
23044 663
23045 100
23046 663
23047 983
23048 993
23049 72
23050 795
23051 983
23052 663
23053 663
23054 731
23055 795
23056 663
23057 795
23058 100
23059 795
23060 795
23061 956
23062 956
23063 97
23064 663
23065 795
23066 239
23067 795
23068 72
23069 616
23070 72
23071 72
23072 370
23073 956
23074 663
23075 663
23076 795
23077 982
23078 795
23079 983
23080 72
23081 663
23082 663
23083 982
23084 663
23085 731
23086 663
23087 100
23088 663
23089 663
23090 663
23091 956
23092 795
23093 988
23094 982
23095 663
23096 956
23097 663
23098 956
23099 731
23100 795
23101 663
23102 956
23103 72
23104 993
23105 982
23106 795
23107 663
23108 663
23109 956
23110 663
23111 616
23112 616
23113 956
23114 239
23115 100
23116 663
23117 731
23118 663
23119 72
23120 72
23121 956
23122 439
23123 72
23124 616
23125 987
23126 663
23127 72
23128 731
23129 795
23130 97
23131 663
23132 663
23133 663
23134 616
23135 616
23136 97
23137 663
23138 72
23139 795
23140 72
23141 795
23142 616
23143 795
23144 72
23145 100
23146 663
23147 663
23148 663
23149 956
23150 987
23151 993
23152 982
23153 673
23154 616
23155 986
23156 616
23157 663
23158 663
23159 236
23160 795
23161 72
23162 795
23163 663
23164 663
23165 439
23166 663
23167 956
23168 982
23169 616
23170 956
23171 663
23172 663
23173 993
23174 97
23175 100
23176 983
23177 795
23178 993
23179 795
23180 616
23181 72
23182 187
23183 663
23184 663
23185 100
23186 983
23187 46
23188 795
23189 33
23190 663
23191 663
23192 983
23193 370
23194 97
23195 663
23196 663
23197 983
23198 983
23199 78
23200 663
23201 663
23202 993
23203 236
23204 72
23205 616
23206 663
23207 439
23208 46
23209 795
23210 987
23211 663
23212 956
23213 956
23214 72
23215 956
23216 663
23217 616
23218 72
23219 663
23220 239
23221 956
23222 663
23223 982
23224 795
23225 663
23226 72
23227 795
23228 795
23229 616
23230 795
23231 795
23232 983
23233 663
23234 663
23235 663
23236 795
23237 795
23238 663
23239 72
23240 795
23241 663
23242 663
23243 956
23244 983
23245 663
23246 663
23247 663
23248 983
23249 616
23250 663
23251 663
23252 72
23253 993
23254 663
23255 663
23256 956
23257 993
23258 663
23259 100
23260 663
23261 72
23262 663
23263 982
23264 72
23265 616
23266 956
23267 956
23268 950
23269 983
23270 663
23271 993
23272 33
23273 663
23274 72
23275 663
23276 72
23277 663
23278 795
23279 72
23280 956
23281 795
23282 663
23283 683
23284 983
23285 663
23286 15
23287 663
23288 113
23289 663
23290 663
23291 100
23292 97
23293 350
23294 663
23295 100
23296 956
23297 998
23298 795
23299 987
23300 956
23301 663
23302 999
23303 795
23304 663
23305 982
23306 663
23307 616
23308 187
23309 29
23310 72
23311 72
23312 97
23313 663
23314 677
23315 616
23316 663
23317 97
23318 795
23319 956
23320 663
23321 950
23322 72
23323 616
23324 982
23325 795
23326 663
23327 663
23328 795
23329 1037
23330 616
23331 663
23332 663
23333 663
23334 795
23335 616
23336 795
23337 983
23338 956
23339 100
23340 616
23341 663
23342 982
23343 998
23344 29
23345 956
23346 983
23347 72
23348 100
23349 956
23350 29
23351 663
23352 950
23353 795
23354 987
23355 663
23356 663
23357 72
23358 72
23359 983
23360 1038
23361 255
23362 983
23363 663
23364 616
23365 983
23366 78
23367 998
23368 993
23369 663
23370 100
23371 663
23372 663
23373 616
23374 72
23375 663
23376 663
23377 983
23378 72
23379 616
23380 993
23381 956
23382 663
23383 72
23384 72
23385 983
23386 663
23387 72
23388 36
23389 982
23390 663
23391 982
23392 663
23393 663
23394 731
23395 616
23396 663
23397 616
23398 983
23399 616
23400 72
23401 663
23402 72
23403 616
23404 983
23405 97
23406 956
23407 663
23408 983
23409 983
23410 616
23411 982
23412 795
23413 663
23414 795
23415 616
23416 993
23417 987
23418 72
23419 97
23420 663
23421 956
23422 46
23423 72
23424 795
23425 29
23426 100
23427 616
23428 983
23429 993
23430 616
23431 663
23432 74
23433 100
23434 795
23435 795
23436 72
23437 97
23438 795
23439 370
23440 795
23441 795
23442 795
23443 616
23444 677
23445 795
23446 72
23447 370
23448 795
23449 795
23450 982
23451 663
23452 663
23453 663
23454 616
23455 100
23456 1004
23457 72
23458 663
23459 993
23460 72
23461 982
23462 663
23463 72
23464 663
23465 986
23466 663
23467 663
23468 795
23469 663
23470 983
23471 663
23472 663
23473 983
23474 956
23475 663
23476 795
23477 616
23478 663
23479 993
23480 72
23481 987
23482 983
23483 663
23484 983
23485 72
23486 100
23487 616
23488 72
23489 795
23490 663
23491 677
23492 956
23493 72
23494 663
23495 663
23496 862
23497 100
23498 950
23499 663
23500 663
23501 46
23502 663
23503 993
23504 983
23505 663
23506 663
23507 983
23508 795
23509 46
23510 100
23511 731
23512 663
23513 983
23514 439
23515 795
23516 663
23517 100
23518 663
23519 956
23520 100
23521 993
23522 72
23523 100
23524 663
23525 97
23526 663
23527 950
23528 74
23529 956
23530 923
23531 72
23532 46
23533 616
23534 439
23535 663
23536 97
23537 616
23538 983
23539 29
23540 663
23541 795
23542 663
23543 616
23544 97
23545 993
23546 982
23547 983
23548 663
23549 987
23550 795
23551 72
23552 616
23553 663
23554 998
23555 663
23556 983
23557 982
23558 731
23559 72
23560 956
23561 663
23562 982
23563 795
23564 993
23565 983
23566 439
23567 983
23568 982
23569 795
23570 29
23571 72
23572 795
23573 663
23574 626
23575 987
23576 663
23577 983
23578 983
23579 663
23580 663
23581 983
23582 663
23583 956
23584 956
23585 956
23586 983
23587 982
23588 795
23589 29
23590 439
23591 72
23592 677
23593 663
23594 795
23595 72
23596 983
23597 616
23598 97
23599 72
23600 97
23601 46
23602 616
23603 993
23604 983
23605 663
23606 100
23607 100
23608 663
23609 956
23610 956
23611 923
23612 956
23613 616
23614 986
23615 97
23616 616
23617 795
23618 795
23619 663
23620 983
23621 616
23622 663
23623 983
23624 795
23625 663
23626 956
23627 97
23628 983
23629 663
23630 993
23631 38
23632 956
23633 795
23634 983
23635 663
23636 616
23637 983
23638 72
23639 677
23640 100
23641 673
23642 616
23643 97
23644 72
23645 46
23646 258
23647 956
23648 795
23649 663
23650 956
23651 663
23652 983
23653 100
23654 72
23655 663
23656 663
23657 795
23658 663
23659 795
23660 616
23661 663
23662 956
23663 72
23664 663
23665 663
23666 97
23667 795
23668 72
23669 795
23670 982
23671 100
23672 663
23673 731
23674 956
23675 795
23676 956
23677 983
23678 663
23679 100
23680 616
23681 956
23682 663
23683 616
23684 663
23685 72
23686 97
23687 616
23688 616
23689 663
23690 243
23691 983
23692 663
23693 663
23694 663
23695 983
23696 616
23697 677
23698 956
23699 97
23700 987
23701 29
23702 663
23703 72
23704 663
23705 663
23706 956
23707 983
23708 616
23709 731
23710 72
23711 72
23712 72
23713 956
23714 663
23715 1006
23716 663
23717 663
23718 983
23719 950
23720 663
23721 663
23722 663
23723 121
23724 663
23725 616
23726 100
23727 983
23728 983
23729 956
23730 256
23731 72
23732 616
23733 100
23734 663
23735 100
23736 616
23737 982
23738 663
23739 46
23740 677
23741 731
23742 983
23743 663
23744 663
23745 97
23746 72
23747 983
23748 983
23749 795
23750 956
23751 795
23752 663
23753 663
23754 795
23755 956
23756 46
23757 72
23758 663
23759 72
23760 795
23761 663
23762 72
23763 672
23764 956
23765 663
23766 663
23767 72
23768 72
23769 795
23770 956
23771 663
23772 616
23773 731
23774 677
23775 731
23776 795
23777 370
23778 616
23779 100
23780 663
23781 795
23782 795
23783 663
23784 731
23785 616
23786 956
23787 663
23788 97
23789 100
23790 663
23791 663
23792 983
23793 72
23794 983
23795 72
23796 663
23797 663
23798 663
23799 663
23800 46
23801 731
23802 46
23803 100
23804 983
23805 616
23806 663
23807 663
23808 795
23809 982
23810 956
23811 36
23812 100
23813 72
23814 677
23815 100
23816 950
23817 982
23818 72
23819 100
23820 956
23821 663
23822 97
23823 956
23824 677
23825 982
23826 663
23827 663
23828 100
23829 731
23830 956
23831 663
23832 663
23833 616
23834 983
23835 663
23836 663
23837 72
23838 983
23839 663
23840 616
23841 795
23842 14
23843 100
23844 508
23845 663
23846 956
23847 663
23848 72
23849 993
23850 439
23851 663
23852 100
23853 1039
23854 100
23855 795
23856 663
23857 663
23858 795
23859 72
23860 956
23861 956
23862 956
23863 616
23864 795
23865 795
23866 72
23867 663
23868 956
23869 46
23870 983
23871 983
23872 663
23873 795
23874 663
23875 616
23876 663
23877 616
23878 663
23879 983
23880 72
23881 663
23882 663
23883 982
23884 663
23885 72
23886 950
23887 985
23888 663
23889 956
23890 795
23891 616
23892 616
23893 663
23894 663
23895 987
23896 663
23897 97
23898 795
23899 987
23900 663
23901 982
23902 663
23903 663
23904 97
23905 46
23906 1040
23907 663
23908 100
23909 795
23910 46
23911 663
23912 663
23913 663
23914 72
23915 663
23916 663
23917 795
23918 663
23919 956
23920 956
23921 100
23922 663
23923 795
23924 663
23925 72
23926 956
23927 72
23928 616
23929 956
23930 663
23931 983
23932 983
23933 993
23934 97
23935 616
23936 616
23937 731
23938 97
23939 36
23940 663
23941 983
23942 663
23943 72
23944 795
23945 97
23946 46
23947 983
23948 663
23949 663
23950 360
23951 616
23952 663
23953 46
23954 795
23955 663
23956 795
23957 993
23958 72
23959 983
23960 72
23961 439
23962 663
23963 100
23964 72
23965 663
23966 663
23967 956
23968 663
23969 795
23970 795
23971 72
23972 72
23973 956
23974 983
23975 663
23976 72
23977 72
23978 663
23979 795
23980 100
23981 998
23982 72
23983 663
23984 616
23985 663
23986 72
23987 956
23988 982
23989 72
23990 663
23991 97
23992 795
23993 795
23994 36
23995 72
23996 663
23997 360
23998 616
23999 616
24000 983
24001 983
24002 100
24003 982
24004 100
24005 956
24006 956
24007 983
24008 72
24009 795
24010 983
24011 956
24012 663
24013 795
24014 983
24015 663
24016 97
24017 616
24018 795
24019 985
24020 72
24021 72
24022 100
24023 956
24024 956
24025 956
24026 663
24027 663
24028 983
24029 795
24030 72
24031 983
24032 663
24033 983
24034 616
24035 663
24036 663
24037 982
24038 100
24039 983
24040 795
24041 97
24042 439
24043 956
24044 100
24045 982
24046 663
24047 663
24048 983
24049 663
24050 956
24051 72
24052 982
24053 100
24054 72
24055 983
24056 439
24057 663
24058 956
24059 795
24060 46
24061 72
24062 616
24063 663
24064 663
24065 97
24066 72
24067 663
24068 663
24069 731
24070 100
24071 239
24072 663
24073 983
24074 36
24075 795
24076 956
24077 795
24078 72
24079 982
24080 663
24081 663
24082 956
24083 795
24084 795
24085 663
24086 795
24087 956
24088 33
24089 956
24090 72
24091 982
24092 983
24093 370
24094 673
24095 72
24096 663
24097 72
24098 987
24099 72
24100 956
24101 795
24102 663
24103 616
24104 983
24105 795
24106 616
24107 616
24108 663
24109 97
24110 677
24111 252
24112 795
24113 956
24114 616
24115 982
24116 663
24117 100
24118 795
24119 97
24120 956
24121 100
24122 956
24123 956
24124 97
24125 97
24126 731
24127 663
24128 72
24129 987
24130 72
24131 97
24132 616
24133 100
24134 100
24135 983
24136 100
24137 100
24138 370
24139 100
24140 795
24141 616
24142 97
24143 663
24144 663
24145 100
24146 72
24147 795
24148 46
24149 663
24150 616
24151 795
24152 663
24153 795
24154 795
24155 616
24156 100
24157 663
24158 243
24159 616
24160 956
24161 795
24162 795
24163 983
24164 663
24165 97
24166 982
24167 100
24168 97
24169 72
24170 663
24171 100
24172 1041
24173 72
24174 983
24175 2
24176 673
24177 616
24178 616
24179 795
24180 983
24181 998
24182 663
24183 100
24184 663
24185 956
24186 663
24187 72
24188 956
24189 72
24190 370
24191 616
24192 14
24193 616
24194 100
24195 616
24196 795
24197 683
24198 663
24199 370
24200 795
24201 795
24202 72
24203 663
24204 252
24205 663
24206 121
24207 663
24208 956
24209 982
24210 795
24211 663
24212 100
24213 983
24214 663
24215 987
24216 616
24217 983
24218 370
24219 795
24220 100
24221 956
24222 439
24223 72
24224 626
24225 663
24226 663
24227 252
24228 663
24229 72
24230 663
24231 616
24232 731
24233 663
24234 983
24235 956
24236 378
24237 987
24238 663
24239 663
24240 663
24241 100
24242 982
24243 663
24244 795
24245 956
24246 983
24247 100
24248 100
24249 663
24250 795
24251 74
24252 956
24253 983
24254 663
24255 677
24256 983
24257 795
24258 72
24259 100
24260 46
24261 983
24262 663
24263 97
24264 611
24265 663
24266 616
24267 985
24268 619
24269 986
24270 663
24271 663
24272 663
24273 795
24274 731
24275 795
24276 663
24277 97
24278 616
24279 731
24280 956
24281 663
24282 993
24283 72
24284 663
24285 983
24286 663
24287 663
24288 987
24289 663
24290 982
24291 72
24292 100
24293 999
24294 956
24295 950
24296 663
24297 731
24298 663
24299 72
24300 731
24301 616
24302 72
24303 795
24304 663
24305 998
24306 956
24307 663
24308 616
24309 663
24310 663
24311 72
24312 14
24313 663
24314 795
24315 663
24316 72
24317 663
24318 663
24319 72
24320 663
24321 983
24322 795
24323 983
24324 616
24325 72
24326 731
24327 663
24328 72
24329 228
24330 795
24331 72
24332 616
24333 663
24334 999
24335 72
24336 97
24337 72
24338 663
24339 663
24340 100
24341 33
24342 100
24343 795
24344 72
24345 663
24346 100
24347 677
24348 616
24349 97
24350 663
24351 616
24352 956
24353 993
24354 616
24355 100
24356 795
24357 72
24358 616
24359 616
24360 100
24361 983
24362 663
24363 1042
24364 663
24365 72
24366 982
24367 1006
24368 795
24369 72
24370 616
24371 663
24372 72
24373 439
24374 956
24375 663
24376 663
24377 663
24378 370
24379 72
24380 439
24381 986
24382 956
24383 97
24384 956
24385 72
24386 236
24387 72
24388 795
24389 731
24390 983
24391 46
24392 663
24393 72
24394 100
24395 72
24396 72
24397 616
24398 663
24399 795
24400 983
24401 956
24402 983
24403 795
24404 616
24405 100
24406 634
24407 663
24408 100
24409 983
24410 663
24411 72
24412 993
24413 983
24414 956
24415 100
24416 663
24417 956
24418 616
24419 663
24420 663
24421 439
24422 982
24423 663
24424 121
24425 663
24426 100
24427 983
24428 97
24429 616
24430 983
24431 72
24432 795
24433 795
24434 956
24435 113
24436 616
24437 616
24438 663
24439 956
24440 663
24441 100
24442 72
24443 986
24444 795
24445 14
24446 983
24447 616
24448 988
24449 616
24450 72
24451 982
24452 956
24453 439
24454 672
24455 663
24456 795
24457 616
24458 663
24459 982
24460 663
24461 795
24462 663
24463 663
24464 983
24465 97
24466 663
24467 616
24468 100
24469 100
24470 72
24471 616
24472 795
24473 1004
24474 956
24475 72
24476 97
24477 97
24478 663
24479 663
24480 795
24481 663
24482 983
24483 956
24484 72
24485 795
24486 983
24487 663
24488 72
24489 985
24490 72
24491 663
24492 663
24493 663
24494 616
24495 795
24496 100
24497 956
24498 795
24499 983
24500 663
24501 663
24502 663
24503 663
24504 663
24505 72
24506 663
24507 46
24508 616
24509 663
24510 663
24511 616
24512 663
24513 956
24514 97
24515 795
24516 97
24517 239
24518 14
24519 663
24520 663
24521 731
24522 72
24523 993
24524 663
24525 100
24526 982
24527 370
24528 663
24529 950
24530 956
24531 616
24532 663
24533 983
24534 795
24535 795
24536 663
24537 616
24538 616
24539 993
24540 72
24541 663
24542 663
24543 663
24544 616
24545 795
24546 983
24547 795
24548 72
24549 1043
24550 663
24551 677
24552 983
24553 663
24554 795
24555 795
24556 663
24557 663
24558 731
24559 663
24560 236
24561 663
24562 983
24563 663
24564 956
24565 983
24566 1006
24567 663
24568 983
24569 439
24570 795
24571 795
24572 47
24573 663
24574 983
24575 795
24576 663
24577 97
24578 72
24579 731
24580 956
24581 663
24582 616
24583 663
24584 663
24585 983
24586 983
24587 795
24588 663
24589 2
24590 663
24591 956
24592 795
24593 100
24594 100
24595 663
24596 795
24597 370
24598 663
24599 616
24600 72
24601 795
24602 616
24603 663
24604 663
24605 46
24606 33
24607 983
24608 100
24609 663
24610 100
24611 795
24612 983
24613 100
24614 663
24615 72
24616 983
24617 731
24618 72
24619 663
24620 795
24621 97
24622 663
24623 616
24624 983
24625 424
24626 72
24627 663
24628 677
24629 663
24630 439
24631 795
24632 663
24633 956
24634 663
24635 100
24636 993
24637 256
24638 1011
24639 256
24640 588
24641 239
24642 517
24643 1011
24644 508
24645 256
24646 256
24647 256
24648 1044
24649 256
24650 1011
24651 1011
24652 256
24653 101
24654 517
24655 634
24656 95
24657 40
24658 256
24659 634
24660 259
