3794 11
3795 241
3796 73
3797 85
3798 3
3799 249
3800 340
3801 85
3802 52
3803 345
3804 249
3805 343
3806 29
3807 97
3808 97
3809 85
3810 3
3811 2
3812 97
3813 346
3814 340
3815 343
3816 249
3817 15
3818 346
3819 15
3820 249
3821 97
3822 346
3823 347
3824 5
3825 249
3826 2
3827 71
3828 44
3829 89
3830 2
3831 97
3832 249
3833 15
3834 348
3835 5
3836 247
3837 30
3838 340
3839 97
3840 340
3841 97
3842 340
3843 340
3844 25
3845 29
3846 97
3847 73
3848 97
3849 343
3850 29
3851 346
3852 2
3853 29
3854 5
3855 249
3856 3
3857 247
3858 2
3859 29
3860 85
3861 2
3862 262
3863 73
3864 346
3865 71
3866 85
3867 2
3868 97
3869 350
3870 348
3871 97
3872 5
3873 3
3874 52
3875 346
3876 2
3877 5
3878 2
3879 3
3880 29
3881 73
3882 50
3883 85
3884 249
3885 346
3886 249
3887 340
3888 5
3889 85
3890 51
3891 340
3892 97
3893 29
3894 97
3895 3
3896 3
3897 343
3898 2
3899 2
3900 346
3901 2
3902 2
3903 249
3904 345
3905 48
3906 346
3907 249
3908 2
3909 2
3910 73
3911 29
3912 2
3913 346
3914 73
3915 343
3916 2
3917 2
3918 97
3919 2
3920 340
3921 343
3922 30
3923 2
3924 71
3925 346
3926 29
3927 30
3928 343
3929 11
3930 30
3931 345
3932 2
3933 69
3934 2
3935 29
3936 71
3937 52
3938 2
3939 30
3940 3
3941 346
3942 97
3943 97
3944 85
3945 52
3946 3
3947 346
3948 71
3949 52
3950 29
3951 72
3952 97
3953 2
3954 15
3955 97
3956 97
3957 2
3958 30
3959 2
3960 71
3961 11
3962 346
3963 30
3964 16
3965 85
3966 5
3967 52
3968 340
3969 343
3970 5
3971 347
3972 97
3973 29
3974 29
3975 3
3976 29
3977 346
3978 29
3979 2
3980 343
3981 3
3982 29
3983 11
3984 97
3985 3
3986 73
3987 29
3988 5
3989 3
3990 50
3991 257
3992 97
3993 97
3994 3
3995 2
3996 5
3997 340
3998 2
3999 2
4000 355
4001 249
4002 2
4003 5
4004 73
4005 85
4006 51
4007 52
4008 346
4009 2
4010 15
4011 346
4012 11
4013 97
4014 249
4015 29
4016 29
4017 2
4018 2
4019 29
4020 71
4021 2
4022 249
4023 2
4024 3
4025 346
4026 2
4027 2
4028 346
4029 2
4030 30
4031 2
4032 97
4033 52
4034 5
4035 348
4036 5
4037 2
4038 29
4039 85
4040 30
4041 340
4042 29
4043 69
4044 71
4045 343
4046 97
4047 222
4048 30
4049 346
4050 2
4051 2
4052 2
4053 73
4054 5
4055 346
4056 2
4057 29
4058 345
4059 97
4060 249
4061 71
4062 52
4063 5
4064 30
4065 340
4066 3
4067 345
4068 85
4069 29
4070 346
4071 346
4072 3
4073 3
4074 249
4075 30
4076 3
4077 73
4078 3
4079 85
4080 52
4081 350
4082 2
4083 3
4084 5
4085 2
4086 91
4087 29
4088 97
4089 11
4090 30
4091 5
4092 97
4093 2
4094 346
4095 249
4096 3
4097 2
4098 73
4099 52
4100 71
4101 97
4102 343
4103 2
4104 346
4105 2
4106 343
4107 11
4108 85
4109 249
4110 343
4111 346
4112 85
4113 15
4114 16
4115 97
4116 72
4117 3
4118 347
4119 29
4120 340
4121 29
4122 3
4123 73
4124 249
4125 3
4126 97
4127 71
4128 340
4129 249
4130 2
4131 97
4132 50
4133 347
4134 346
4135 2
4136 80
4137 346
4138 343
4139 52
4140 97
4141 343
4142 97
4143 5
4144 71
4145 346
4146 11
4147 257
4148 346
4149 350
4150 3
4151 3
4152 29
4153 73
4154 355
4155 340
4156 262
4157 71
4158 340
4159 29
4160 5
4161 73
4162 97
4163 15
4164 85
4165 5
4166 347
4167 249
4168 29
4169 29
4170 346
4171 29
4172 340
4173 97
4174 346
4175 345
4176 3
4177 29
4178 346
4179 15
4180 340
4181 97
4182 52
4183 2
4184 71
4185 3
4186 29
4187 97
4188 85
4189 2
4190 345
4191 29
4192 16
4193 73
4194 2
4195 97
4196 5
4197 257
4198 71
4199 71
4200 355
4201 52
4202 85
4203 80
4204 2
4205 346
4206 97
4207 5
4208 3
4209 343
4210 348
4211 2
4212 249
4213 249
4214 29
4215 2
4216 2
4217 340
4218 5
4219 346
4220 249
4221 52
4222 89
4223 80
4224 11
4225 347
4226 222
4227 52
4228 2
4229 346
4230 89
4231 346
4232 30
4233 343
4234 346
4235 2
4236 3
4237 30
4238 5
4239 350
4240 15
4241 97
4242 249
4243 3
4244 2
4245 345
4246 29
4247 29
4248 345
4249 346
4250 249
4251 346
4252 97
4253 247
4254 249
4255 2
4256 249
4257 2
4258 30
4259 5
4260 97
4261 2
4262 3
4263 30
4264 249
4265 2
4266 346
4267 346
4268 346
4269 249
4270 345
4271 15
4272 2
4273 260
4274 5
4275 345
4276 29
4277 340
4278 89
4279 340
4280 97
4281 257
4282 249
4283 340
4284 343
4285 347
4286 97
4287 5
4288 348
4289 3
4290 29
4291 249
4292 346
4293 3
4294 97
4295 2
4296 3
4297 257
4298 85
4299 346
4300 2
4301 2
4302 5
4303 249
4304 249
4305 48
4306 15
4307 5
4308 71
4309 5
4310 97
4311 346
4312 2
4313 71
4314 347
4315 2
4316 346
4317 346
4318 5
4319 29
4320 30
4321 73
4322 85
4323 249
4324 29
4325 346
4326 97
4327 346
4328 29
4329 2
4330 97
4331 97
4332 5
4333 29
4334 73
4335 249
4336 73
4337 30
4338 29
4339 16
4340 355
4341 2
4342 346
4343 97
4344 5
4345 73
4346 3
4347 343
4348 73
4349 30
4350 246
4351 246
4352 2
4353 2
4354 97
4355 2
4356 346
4357 3
4358 15
4359 30
4360 29
4361 97
4362 340
4363 249
4364 71
4365 2
4366 30
4367 346
4368 340
4369 3
4370 97
4371 29
4372 3
4373 340
4374 97
4375 5
4376 3
4377 346
4378 2
4379 5
4380 69
4381 97
4382 247
4383 29
4384 346
4385 2
4386 5
4387 2
4388 2
4389 340
4390 11
4391 29
4392 29
4393 73
4394 346
4395 246
4396 346
4397 346
4398 249
4399 97
4400 2
4401 249
4402 347
4403 97
4404 29
4405 249
4406 3
4407 15
4408 3
4409 71
4410 343
4411 85
4412 2
4413 345
4414 2
4415 30
4416 2
4417 2
4418 348
4419 29
4420 3
4421 15
4422 346
4423 345
4424 346
4425 249
4426 72
4427 5
4428 346
4429 3
4430 3
4431 3
4432 222
4433 25
4434 2
4435 249
4436 347
4437 29
4438 340
4439 346
4440 89
4441 249
4442 71
4443 249
4444 2
4445 97
4446 346
4447 3
4448 52
4449 2
4450 355
4451 29
4452 29
4453 97
4454 73
4455 249
4456 346
4457 249
4458 347
4459 29
4460 85
4461 52
4462 29
4463 2
4464 249
4465 3
4466 3
4467 2
4468 5
4469 73
4470 5
4471 73
4472 2
4473 97
4474 2
4475 2
4476 346
4477 51
4478 5
4479 343
4480 16
4481 29
4482 5
4483 15
4484 97
4485 29
4486 346
4487 346
4488 97
4489 247
4490 28
4491 3
4492 5
4493 3
4494 29
4495 29
4496 2
4497 347
4498 249
4499 345
4500 52
4501 2
4502 2
4503 16
4504 346
4505 30
4506 5
4507 2
4508 345
4509 2
4510 97
4511 16
4512 29
4513 97
4514 249
4515 346
4516 97
4517 2
4518 73
4519 249
4520 97
4521 85
4522 346
4523 5
4524 71
4525 243
4526 249
4527 346
4528 249
4529 5
4530 71
4531 249
4532 5
4533 249
4534 249
4535 2
4536 52
4537 5
4538 2
4539 29
4540 85
4541 73
4542 97
4543 3
4544 3
4545 2
4546 343
4547 346
4548 29
4549 3
4550 5
4551 11
4552 2
4553 97
4554 30
4555 29
4556 401
4557 5
4558 340
4559 85
4560 29
4561 2
4562 2
4563 29
4564 5
4565 48
4566 52
4567 5
4568 71
4569 2
4570 249
4571 5
4572 85
4573 97
4574 5
4575 29
4576 85
4577 30
4578 2
4579 340
4580 249
4581 5
4582 29
4583 249
4584 97
4585 347
4586 97
4587 249
4588 48
4589 97
4590 85
4591 5
4592 97
4593 346
4594 69
4595 241
4596 69
4597 89
4598 85
4599 44
4600 73
4601 340
4602 2
4603 72
4604 346
4605 30
4606 345
4607 249
4608 346
4609 340
4610 346
4611 3
4612 355
4613 11
4614 347
4615 2
4616 29
4617 97
4618 11
4619 97
4620 2
4621 5
4622 73
4623 249
4624 345
4625 340
4626 2
4627 71
4628 3
4629 249
4630 97
4631 85
4632 346
4633 3
4634 73
4635 3
4636 249
4637 2
4638 5
4639 30
4640 346
4641 355
4642 15
4643 257
4644 2
4645 25
4646 3
4647 2
4648 97
4649 5
4650 2
4651 249
4652 85
4653 340
4654 29
4655 3
4656 348
4657 29
4658 73
4659 249
4660 2
4661 249
4662 2
4663 29
4664 97
4665 97
4666 29
4667 29
4668 97
4669 5
4670 2
4671 2
4672 5
4673 69
4674 249
4675 346
4676 5
4677 3
4678 85
4679 97
4680 249
4681 2
4682 71
4683 52
4684 2
4685 257
4686 2
4687 51
4688 5
4689 241
4690 3
4691 29
4692 3
4693 5
4694 85
4695 346
4696 249
4697 3
4698 80
4699 249
4700 345
4701 346
4702 346
4703 71
4704 52
4705 30
4706 340
4707 5
4708 52
4709 71
4710 97
4711 50
4712 97
4713 73
4714 346
4715 343
4716 222
4717 346
4718 249
4719 343
4720 5
4721 346
4722 248
4723 5
4724 340
4725 340
4726 3
4727 2
4728 249
4729 3
4730 29
4731 48
4732 343
4733 71
4734 3
4735 346
4736 25
4737 249
4738 71
4739 85
4740 402
4741 340
4742 2
4743 2
4744 346
4745 343
4746 340
4747 2
4748 29
4749 2
4750 5
4751 340
4752 73
4753 97
4754 2
4755 241
4756 249
4757 3
4758 29
4759 340
4760 3
4761 52
4762 2
4763 343
4764 2
4765 30
4766 50
4767 355
4768 346
4769 97
4770 5
4771 346
4772 257
4773 249
4774 97
4775 97
4776 73
4777 2
4778 97
4779 346
4780 29
4781 262
4782 85
4783 2
4784 2
4785 68
4786 5
4787 69
4788 85
4789 5
4790 3
4791 97
4792 340
4793 29
4794 3
4795 97
4796 5
4797 2
4798 73
4799 80
4800 2
4801 5
4802 346
4803 340
4804 2
4805 346
4806 73
4807 2
4808 222
4809 29
4810 52
4811 346
4812 346
4813 5
4814 97
4815 29
4816 29
4817 346
4818 3
4819 15
4820 2
4821 247
4822 97
4823 73
4824 340
4825 52
4826 97
4827 340
4828 16
4829 29
4830 29
4831 3
4832 346
4833 340
4834 340
4835 72
4836 71
4837 350
4838 5
4839 71
4840 71
4841 2
4842 73
4843 73
4844 5
4845 340
4846 97
4847 3
4848 348
4849 355
4850 85
4851 346
4852 97
4853 346
4854 3
4855 249
4856 97
4857 5
4858 350
4859 88
4860 71
4861 345
4862 2
4863 29
4864 3
4865 249
4866 2
4867 343
4868 340
4869 238
4870 2
4871 2
4872 2
4873 73
4874 16
4875 2
4876 249
4877 71
4878 15
4879 3
4880 5
4881 249
4882 2
4883 85
4884 346
4885 52
4886 340
4887 5
4888 97
4889 3
4890 97
4891 3
4892 343
4893 340
4894 249
4895 73
4896 85
4897 345
4898 85
4899 71
4900 29
4901 3
4902 2
4903 3
4904 29
4905 5
4906 346
4907 222
4908 2
4909 2
4910 97
4911 345
4912 97
4913 2
4914 73
4915 345
4916 97
4917 73
4918 348
4919 346
4920 15
4921 340
4922 85
4923 340
4924 246
4925 5
4926 2
4927 3
4928 2
4929 3
4930 249
4931 29
4932 5
4933 97
4934 3
4935 345
4936 29
4937 97
4938 340
4939 52
4940 346
4941 247
4942 222
4943 346
4944 52
4945 29
4946 71
4947 345
4948 50
4949 3
4950 29
4951 350
4952 29
4953 346
4954 2
4955 403
4956 29
4957 3
4958 340
4959 3
4960 346
4961 97
4962 5
4963 97
4964 2
4965 15
4966 3
4967 246
4968 5
4969 97
4970 2
4971 350
4972 249
4973 350
4974 3
4975 249
4976 85
4977 16
4978 5
4979 29
4980 249
4981 29
4982 346
4983 2
4984 85
4985 346
4986 249
4987 29
4988 29
4989 249
4990 247
4991 5
4992 249
4993 29
4994 52
4995 73
4996 2
4997 340
4998 345
4999 249
5000 30
5001 30
5002 44
5003 71
5004 249
5005 52
5006 340
5007 246
5008 73
5009 15
5010 29
5011 345
5012 84
5013 97
5014 29
5015 5
5016 29
5017 15
5018 346
5019 343
5020 85
5021 346
5022 52
5023 3
5024 45
5025 2
5026 15
5027 249
5028 262
5029 71
5030 71
5031 5
5032 29
5033 52
5034 3
5035 268
5036 355
5037 30
5038 2
5039 340
5040 249
5041 97
5042 2
5043 29
5044 3
5045 2
5046 29
5047 249
5048 346
5049 2
5050 71
5051 2
5052 249
5053 3
5054 340
5055 2
5056 50
5057 97
5058 3
5059 2
5060 249
5061 2
5062 29
5063 3
5064 97
5065 2
5066 73
5067 30
5068 29
5069 2
5070 404
5071 80
5072 246
5073 29
5074 3
5075 340
5076 346
5077 249
5078 80
5079 343
5080 3
5081 97
5082 73
5083 97
5084 30
5085 222
5086 343
5087 243
5088 355
5089 355
5090 85
5091 5
5092 97
5093 2
5094 15
5095 5
5096 29
5097 29
5098 30
5099 3
5100 249
5101 73
5102 5
5103 2
5104 2
5105 29
5106 2
5107 2
5108 3
5109 347
5110 5
5111 29
5112 2
5113 97
5114 30
5115 347
5116 3
5117 2
5118 30
5119 346
5120 29
5121 346
5122 29
5123 2
5124 243
5125 29
5126 30
5127 346
5128 246
5129 2
5130 249
5131 97
5132 3
5133 97
5134 347
5135 97
5136 5
5137 249
5138 5
5139 2
5140 29
5141 346
5142 85
5143 2
5144 3
5145 5
5146 3
5147 29
5148 346
5149 249
5150 249
5151 73
5152 97
5153 97
5154 343
5155 16
5156 85
5157 249
5158 5
5159 2
5160 5
5161 5
5162 85
5163 249
5164 346
5165 29
5166 73
5167 29
5168 85
5169 2
5170 71
5171 29
5172 15
5173 29
5174 2
5175 51
5176 5
5177 29
5178 29
5179 2
5180 30
5181 73
5182 52
5183 247
5184 5
5185 345
5186 50
5187 2
5188 249
5189 29
5190 2
5191 3
5192 29
5193 343
5194 346
5195 29
5196 345
5197 241
5198 249
5199 29
5200 97
5201 97
5202 29
5203 2
5204 346
5205 3
5206 346
5207 343
5208 30
5209 340
5210 25
5211 85
5212 30
5213 346
5214 2
5215 15
5216 5
5217 97
5218 345
5219 3
5220 249
5221 2
5222 29
5223 247
5224 340
5225 71
5226 73
5227 243
5228 346
5229 346
5230 249
5231 80
5232 71
5233 5
5234 343
5235 97
5236 346
5237 249
5238 246
5239 29
5240 249
5241 85
5242 2
5243 85
5244 346
5245 5
5246 2
5247 29
5248 3
5249 3
5250 346
5251 97
5252 29
5253 2
5254 73
5255 347
5256 11
5257 2
5258 2
5259 16
5260 346
5261 73
5262 52
5263 355
5264 2
5265 346
5266 97
5267 347
5268 345
5269 249
5270 2
5271 2
5272 51
5273 5
5274 2
5275 249
5276 347
5277 249
5278 3
5279 45
5280 97
5281 5
5282 97
5283 3
5284 3
5285 340
5286 346
5287 343
5288 71
5289 3
5290 29
5291 2
5292 30
5293 2
5294 2
5295 2
5296 88
5297 29
5298 29
5299 249
5300 97
5301 2
5302 29
5303 3
5304 29
5305 3
5306 3
5307 243
5308 347
5309 346
5310 346
5311 2
5312 3
5313 3
5314 30
5315 2
5316 345
5317 2
5318 347
5319 5
5320 2
5321 3
5322 2
5323 249
5324 29
5325 29
5326 29
5327 346
5328 30
5329 5
5330 2
5331 2
5332 25
5333 73
5334 3
5335 3
5336 249
5337 80
5338 2
5339 340
5340 5
5341 2
5342 249
5343 29
5344 73
5345 85
5346 346
5347 71
5348 241
5349 5
5350 2
5351 15
5352 97
5353 2
5354 80
5355 97
5356 347
5357 249
5358 249
5359 85
5360 29
5361 29
5362 80
5363 97
5364 97
5365 340
5366 80
5367 16
5368 3
5369 85
5370 355
5371 2
5372 257
5373 52
5374 2
5375 2
5376 2
5377 247
5378 355
5379 345
5380 3
5381 30
5382 2
5383 3
5384 249
5385 97
5386 247
5387 340
5388 343
5389 71
5390 85
5391 80
5392 97
5393 2
5394 346
5395 249
5396 343
5397 346
5398 97
5399 2
5400 340
5401 15
5402 11
5403 346
5404 29
5405 84
5406 5
5407 2
5408 29
5409 2
5410 3
5411 2
5412 15
5413 2
5414 249
5415 2
5416 2
5417 405
5418 85
5419 3
5420 406
5421 29
5422 3
5423 15
5424 85
5425 249
5426 247
5427 5
5428 97
5429 2
5430 340
5431 30
5432 71
5433 80
5434 29
5435 2
5436 2
5437 249
5438 249
5439 346
5440 2
5441 5
5442 2
5443 29
5444 249
5445 5
5446 340
5447 97
5448 97
5449 29
5450 241
5451 29
5452 29
5453 345
5454 73
5455 5
5456 5
5457 73
5458 2
5459 73
5460 69
5461 85
5462 347
5463 29
5464 97
5465 3
5466 346
5467 257
5468 249
5469 3
5470 340
5471 71
5472 340
5473 346
5474 5
5475 340
5476 2
5477 3
5478 340
5479 246
5480 97
5481 50
5482 241
5483 5
5484 346
5485 73
5486 3
5487 3
5488 346
5489 5
5490 29
5491 2
5492 2
5493 3
5494 52
5495 249
5496 2
5497 249
5498 3
5499 249
5500 2
5501 249
5502 355
5503 3
5504 5
5505 345
5506 30
5507 15
5508 340
5509 247
5510 29
5511 97
5512 3
5513 3
5514 249
5515 73
5516 346
5517 2
5518 11
5519 247
5520 249
5521 249
5522 2
5523 97
5524 71
5525 2
5526 355
5527 2
5528 249
5529 3
5530 2
5531 5
5532 29
5533 249
5534 2
5535 249
5536 249
5537 249
5538 345
5539 29
5540 2
5541 347
5542 73
5543 15
5544 97
5545 29
5546 249
5547 2
5548 2
5549 2
5550 29
5551 2
5552 249
5553 73
5554 3
5555 97
5556 30
5557 2
5558 346
5559 3
5560 5
5561 25
5562 257
5563 11
5564 2
5565 249
5566 30
5567 5
5568 249
5569 85
5570 249
5571 343
5572 247
5573 2
5574 346
5575 3
5576 249
5577 97
5578 85
5579 241
5580 346
5581 29
5582 97
5583 249
5584 97
5585 71
5586 29
5587 346
5588 2
5589 347
5590 249
5591 249
5592 29
5593 69
5594 345
5595 249
5596 249
5597 346
5598 2
5599 249
5600 345
5601 11
5602 97
5603 15
5604 345
5605 2
5606 80
5607 5
5608 2
5609 16
5610 346
5611 97
5612 29
5613 5
5614 73
5615 69
5616 407
5617 343
5618 347
5619 2
5620 346
5621 29
5622 5
5623 243
5624 97
5625 73
5626 30
5627 249
5628 25
5629 97
5630 2
5631 3
5632 16
5633 2
5634 15
5635 2
5636 241
5637 3
5638 29
5639 2
5640 2
5641 2
5642 249
5643 340
5644 5
5645 71
5646 346
5647 97
5648 346
5649 236
5650 5
5651 29
5652 50
5653 3
5654 3
5655 346
5656 52
5657 2
5658 257
5659 29
5660 2
5661 97
5662 3
5663 3
5664 346
5665 2
5666 346
5667 3
5668 3
5669 85
5670 97
5671 257
5672 29
5673 29
5674 73
5675 85
5676 2
5677 340
5678 2
5679 29
5680 3
5681 249
5682 73
5683 249
5684 343
5685 2
5686 408
5687 73
5688 347
5689 347
5690 260
