17073 646
17074 702
17075 690
17076 702
17077 702
17078 702
17079 578
17080 702
17081 690
17082 702
17083 664
17084 578
17085 702
17086 737
17087 690
17088 702
17089 702
17090 734
17091 702
17092 578
17093 702
17094 690
17095 702
17096 655
17097 578
17098 664
17099 702
17100 637
17101 348
17102 348
17103 702
17104 664
17105 348
17106 737
17107 690
17108 578
17109 702
17110 664
17111 425
17112 348
17113 664
17114 738
17115 655
17116 690
17117 664
17118 664
17119 702
17120 702
17121 664
17122 702
17123 664
17124 738
17125 578
17126 702
17127 702
17128 702
17129 702
17130 737
17131 702
17132 578
17133 702
17134 690
17135 646
17136 702
17137 664
17138 702
17139 702
17140 690
17141 664
17142 690
17143 702
17144 702
17145 702
17146 655
17147 663
17148 737
17149 578
17150 702
17151 702
17152 738
17153 578
17154 702
17155 690
17156 578
17157 702
17158 690
17159 737
17160 578
17161 578
17162 702
17163 702
17164 578
17165 578
17166 664
17167 702
17168 348
17169 737
17170 664
17171 690
17172 690
17173 578
17174 737
17175 734
17176 738
17177 702
17178 786
17179 348
17180 732
17181 702
17182 690
17183 734
17184 702
17185 637
17186 737
17187 664
17188 578
17189 664
17190 578
17191 734
17192 732
17193 737
17194 664
17195 578
17196 578
17197 578
17198 690
17199 734
17200 702
17201 578
17202 637
17203 702
17204 737
17205 732
17206 348
17207 739
17208 702
17209 348
17210 637
17211 664
17212 578
17213 738
17214 702
17215 690
17216 578
17217 348
17218 738
17219 702
17220 740
17221 690
17222 578
17223 664
17224 738
17225 702
17226 348
17227 738
17228 637
17229 664
17230 690
17231 637
17232 578
17233 637
17234 690
17235 702
17236 664
17237 637
17238 702
17239 702
17240 578
17241 738
17242 348
17243 655
17244 702
17245 578
17246 664
17247 578
17248 578
17249 578
17250 738
17251 578
17252 702
17253 664
17254 664
17255 737
17256 664
17257 702
17258 664
17259 702
17260 737
17261 690
17262 637
17263 578
17264 664
17265 664
17266 739
17267 690
17268 739
17269 348
17270 578
17271 578
17272 702
17273 348
17274 702
17275 578
17276 664
17277 732
17278 348
17279 578
17280 578
17281 664
17282 737
17283 655
17284 664
17285 578
17286 702
17287 664
17288 664
17289 732
17290 702
17291 740
17292 664
17293 702
17294 578
17295 664
17296 702
17297 348
17298 702
17299 578
17300 690
17301 702
17302 738
17303 578
17304 637
17305 578
17306 702
17307 737
17308 637
17309 702
17310 578
17311 690
17312 739
17313 737
17314 578
17315 664
17316 578
17317 655
17318 738
17319 732
17320 664
17321 738
17322 702
17323 732
17324 637
17325 655
17326 739
17327 655
17328 690
17329 664
17330 578
17331 702
17332 664
17333 734
17334 732
17335 690
17336 738
17337 702
17338 637
17339 664
17340 734
17341 738
17342 348
17343 737
17344 737
17345 348
17346 664
17347 702
17348 664
17349 702
17350 702
17351 425
17352 664
17353 578
17354 738
17355 690
17356 737
17357 690
17358 664
17359 734
17360 646
17361 702
17362 702
17363 737
17364 702
17365 737
17366 578
17367 702
17368 578
17369 702
17370 646
17371 690
17372 737
17373 737
17374 664
17375 425
17376 578
17377 702
17378 578
17379 664
17380 734
17381 637
17382 655
17383 702
17384 655
17385 702
17386 702
17387 702
17388 737
17389 702
17390 578
17391 702
17392 702
17393 690
17394 739
17395 578
17396 702
17397 637
17398 348
17399 631
17400 664
17401 738
17402 690
17403 578
17404 702
17405 702
17406 702
17407 702
17408 578
17409 664
17410 655
17411 578
17412 702
17413 738
17414 655
17415 664
17416 664
17417 637
17418 655
17419 702
17420 578
17421 690
17422 690
17423 690
17424 702
17425 637
17426 690
17427 702
17428 702
17429 702
17430 646
17431 348
17432 664
17433 737
17434 702
17435 702
17436 348
17437 578
17438 734
17439 578
17440 690
17441 702
17442 655
17443 664
17444 664
17445 738
17446 578
17447 738
17448 578
17449 738
17450 578
17451 664
17452 578
17453 702
17454 702
17455 702
17456 664
17457 737
17458 690
17459 578
17460 578
17461 702
17462 702
17463 732
17464 348
17465 738
17466 702
17467 702
17468 702
17469 578
17470 690
17471 637
17472 578
17473 702
17474 702
17475 348
17476 655
17477 578
17478 690
17479 578
17480 702
17481 738
17482 578
17483 690
17484 578
17485 664
17486 655
17487 737
17488 738
17489 702
17490 578
17491 702
17492 664
17493 578
17494 348
17495 690
17496 655
17497 702
17498 702
17499 738
17500 655
17501 664
17502 578
17503 702
17504 702
17505 637
17506 578
17507 655
17508 738
17509 664
17510 702
17511 637
17512 702
17513 578
17514 578
17515 690
17516 702
17517 702
17518 702
17519 637
17520 578
17521 655
17522 664
17523 631
17524 578
17525 578
17526 690
17527 702
17528 690
17529 738
17530 702
17531 702
17532 702
17533 702
17534 578
17535 578
17536 655
17537 702
17538 578
17539 739
17540 578
17541 578
17542 655
17543 646
17544 664
17545 664
17546 664
17547 655
17548 637
17549 702
17550 702
17551 664
17552 702
17553 578
17554 702
17555 702
17556 664
17557 348
17558 702
17559 690
17560 578
17561 702
17562 737
17563 348
17564 690
17565 690
17566 664
17567 578
17568 690
17569 348
17570 737
17571 702
17572 578
17573 664
17574 702
17575 702
17576 690
17577 578
17578 702
17579 348
17580 664
17581 578
17582 348
17583 646
17584 578
17585 690
17586 702
17587 702
17588 348
17589 690
17590 702
17591 702
17592 690
17593 664
17594 702
17595 738
17596 655
17597 348
17598 348
17599 702
17600 690
17601 702
17602 702
17603 664
17604 738
17605 646
17606 738
17607 348
17608 702
17609 690
17610 737
17611 702
17612 578
17613 702
17614 664
17615 578
17616 664
17617 646
17618 702
17619 690
17620 702
17621 702
17622 348
17623 690
17624 578
17625 702
17626 702
17627 578
17628 734
17629 637
17630 738
17631 702
17632 578
17633 737
17634 737
17635 655
17636 348
17637 738
17638 348
17639 690
17640 738
17641 664
17642 702
17643 690
17644 637
17645 738
17646 655
17647 690
17648 702
17649 646
17650 664
17651 702
17652 578
17653 734
17654 646
17655 734
17656 702
17657 578
17658 702
17659 734
17660 702
17661 690
17662 690
17663 348
17664 690
17665 578
17666 578
17667 702
17668 690
17669 702
17670 425
17671 655
17672 637
17673 578
17674 637
17675 578
17676 734
17677 702
17678 578
17679 702
17680 702
17681 637
17682 631
17683 702
17684 702
17685 637
17686 702
17687 702
17688 578
17689 348
17690 578
17691 578
17692 690
17693 702
17694 702
17695 738
17696 702
17697 578
17698 637
17699 578
17700 702
17701 737
17702 702
17703 655
17704 737
17705 734
17706 578
17707 646
17708 702
17709 578
17710 637
17711 578
17712 664
17713 664
17714 578
17715 578
17716 578
17717 738
17718 348
17719 664
17720 578
17721 348
17722 578
17723 664
17724 655
17725 702
17726 690
17727 702
17728 348
17729 702
17730 655
17731 637
17732 578
17733 578
17734 702
17735 578
17736 690
17737 690
17738 578
17739 690
17740 655
17741 664
17742 578
17743 664
17744 702
17745 690
17746 578
17747 655
17748 578
17749 702
17750 702
17751 578
17752 578
17753 690
17754 578
17755 348
17756 578
17757 690
17758 578
17759 702
17760 734
17761 737
17762 737
17763 578
17764 702
17765 702
17766 664
17767 737
17768 578
17769 664
17770 732
17771 578
17772 702
17773 738
17774 631
17775 702
17776 578
17777 664
17778 578
17779 664
17780 739
17781 655
17782 702
17783 664
17784 702
17785 578
17786 702
17787 578
17788 664
17789 578
17790 702
17791 664
17792 646
17793 702
17794 702
17795 578
17796 578
17797 702
17798 578
17799 664
17800 702
17801 578
17802 702
17803 702
17804 578
17805 702
17806 690
17807 578
17808 702
17809 578
17810 690
17811 737
17812 732
17813 348
17814 578
17815 578
17816 702
17817 732
17818 738
17819 737
17820 732
17821 664
17822 578
17823 348
17824 737
17825 734
17826 690
17827 737
17828 578
17829 655
17830 637
17831 702
17832 578
17833 737
17834 348
17835 738
17836 702
17837 702
17838 664
17839 734
17840 664
17841 702
17842 702
17843 702
17844 348
17845 702
17846 664
17847 737
17848 702
17849 702
17850 690
17851 702
17852 637
17853 702
17854 578
17855 578
17856 702
17857 578
17858 664
17859 734
17860 702
17861 637
17862 655
17863 664
17864 425
17865 655
17866 702
17867 664
17868 702
17869 637
17870 738
17871 702
17872 578
17873 646
17874 578
17875 637
17876 578
17877 637
17878 578
17879 702
17880 738
17881 737
17882 578
17883 578
17884 702
17885 637
17886 702
17887 664
17888 738
17889 702
17890 664
17891 664
17892 664
17893 578
17894 664
17895 578
17896 702
17897 690
17898 690
17899 702
17900 664
17901 702
17902 690
17903 702
17904 739
17905 702
17906 738
17907 664
17908 637
17909 702
17910 690
17911 738
17912 702
17913 664
17914 578
17915 702
17916 578
17917 702
17918 655
17919 664
17920 737
17921 578
17922 702
17923 578
17924 578
17925 578
17926 664
17927 664
17928 348
17929 696
17930 578
17931 737
17932 702
17933 578
17934 646
17935 646
17936 702
17937 578
17938 578
17939 690
17940 348
17941 702
17942 702
17943 702
17944 702
17945 631
17946 734
17947 348
17948 702
17949 702
17950 690
17951 702
17952 690
17953 702
17954 702
17955 702
17956 702
17957 578
17958 664
17959 664
17960 690
17961 702
17962 664
17963 664
17964 702
17965 348
17966 348
17967 578
17968 578
17969 664
17970 702
17971 655
17972 664
17973 737
17974 702
17975 702
17976 690
17977 578
17978 637
17979 732
17980 702
17981 578
17982 578
17983 348
17984 646
17985 348
17986 702
17987 702
17988 690
17989 738
17990 578
17991 664
17992 734
17993 787
17994 737
17995 702
17996 702
17997 578
17998 655
17999 702
18000 702
18001 348
18002 637
18003 702
18004 578
18005 578
18006 348
18007 734
18008 702
18009 664
18010 664
18011 737
18012 738
18013 737
18014 578
18015 655
18016 578
18017 734
18018 646
18019 646
18020 737
18021 690
18022 737
18023 646
18024 578
18025 578
18026 664
18027 578
18028 702
18029 702
18030 732
18031 664
18032 732
18033 578
18034 637
18035 702
18036 702
18037 737
18038 578
18039 734
18040 690
18041 348
18042 702
18043 702
18044 664
18045 690
18046 734
18047 578
18048 578
18049 578
18050 738
18051 734
18052 690
18053 702
18054 664
18055 702
18056 738
18057 578
18058 738
18059 637
18060 664
18061 664
18062 578
18063 737
18064 737
18065 737
18066 637
18067 738
18068 690
18069 702
18070 734
18071 578
18072 732
18073 646
18074 348
18075 690
18076 578
18077 578
18078 737
18079 664
18080 702
18081 739
18082 348
18083 646
18084 578
18085 664
18086 690
18087 664
18088 690
18089 348
18090 702
18091 690
18092 788
18093 738
18094 646
18095 664
18096 702
18097 578
18098 655
18099 702
18100 664
18101 702
18102 348
18103 702
18104 578
18105 702
18106 655
18107 425
18108 578
18109 696
18110 739
18111 348
18112 637
18113 734
18114 702
18115 637
18116 690
18117 664
18118 702
18119 737
18120 702
18121 664
18122 690
18123 664
18124 655
18125 664
18126 578
18127 738
18128 702
18129 578
18130 740
18131 655
18132 578
18133 578
18134 690
18135 348
18136 655
18137 738
18138 664
18139 348
18140 690
18141 578
18142 664
18143 664
18144 348
18145 578
18146 737
18147 664
18148 578
18149 702
18150 702
18151 738
18152 578
18153 702
18154 702
18155 637
18156 578
18157 631
18158 702
18159 690
18160 702
18161 578
18162 702
18163 655
18164 348
18165 348
18166 702
18167 690
18168 734
18169 664
18170 739
18171 702
18172 578
18173 690
18174 578
18175 655
18176 664
18177 702
18178 732
18179 737
18180 738
18181 655
18182 578
18183 664
18184 737
18185 738
18186 690
18187 789
18188 738
18189 578
18190 737
18191 734
18192 637
18193 734
18194 702
18195 664
18196 578
18197 702
18198 702
18199 702
18200 664
18201 734
18202 739
18203 578
18204 702
18205 646
18206 578
18207 702
18208 738
18209 578
18210 655
18211 690
18212 702
18213 702
18214 738
18215 637
18216 578
18217 578
18218 578
18219 578
18220 702
18221 702
18222 738
18223 578
18224 578
18225 702
18226 702
18227 702
18228 664
18229 734
18230 664
18231 637
18232 348
18233 702
18234 637
18235 738
18236 578
18237 790
18238 702
18239 637
18240 578
18241 348
18242 578
18243 690
18244 690
18245 702
18246 655
18247 578
18248 737
18249 425
18250 578
18251 702
18252 578
18253 702
18254 637
18255 737
18256 702
18257 664
18258 655
18259 637
18260 664
18261 690
18262 737
18263 664
18264 664
18265 702
18266 348
18267 738
18268 690
18269 578
18270 348
18271 738
18272 702
18273 578
18274 664
18275 737
18276 664
18277 425
18278 702
18279 702
18280 664
18281 578
18282 637
18283 702
18284 702
18285 702
18286 702
18287 664
18288 702
18289 348
18290 737
18291 348
18292 690
18293 664
18294 348
18295 648
18296 637
18297 732
18298 655
18299 702
18300 738
18301 578
18302 578
18303 738
18304 664
18305 738
18306 578
18307 690
18308 737
18309 578
18310 737
18311 664
18312 637
18313 664
18314 664
18315 578
18316 578
18317 637
18318 578
18319 702
18320 702
18321 737
18322 348
18323 690
18324 578
18325 690
18326 702
18327 664
18328 655
18329 702
18330 702
18331 348
18332 664
18333 664
18334 702
18335 702
18336 348
18337 690
18338 702
18339 348
18340 646
18341 702
18342 655
18343 702
18344 348
18345 578
18346 702
18347 664
18348 738
18349 702
18350 737
18351 702
18352 578
18353 637
18354 637
18355 702
18356 702
18357 578
18358 664
18359 578
18360 702
18361 578
18362 578
18363 702
18364 702
18365 646
18366 348
18367 646
18368 690
18369 664
18370 578
18371 702
18372 637
18373 655
18374 578
18375 655
18376 425
18377 664
18378 702
18379 578
18380 348
18381 637
18382 702
18383 702
18384 732
18385 702
18386 578
18387 664
18388 702
18389 637
18390 578
18391 739
18392 702
18393 578
18394 664
18395 690
18396 702
18397 637
18398 702
18399 348
18400 578
18401 664
18402 664
18403 637
18404 738
18405 664
18406 737
18407 637
18408 348
18409 702
18410 664
18411 702
18412 737
18413 348
18414 702
18415 646
18416 578
18417 702
18418 578
18419 737
18420 738
18421 702
18422 690
18423 737
18424 578
18425 578
18426 702
18427 702
18428 578
18429 664
18430 637
18431 578
18432 690
18433 702
18434 738
18435 578
18436 702
18437 702
18438 702
18439 637
18440 702
18441 734
18442 702
18443 664
18444 702
18445 348
18446 702
18447 578
18448 664
18449 664
18450 702
18451 578
18452 578
18453 702
18454 664
18455 702
18456 637
18457 702
18458 732
18459 664
18460 702
18461 631
18462 690
18463 702
18464 702
18465 637
18466 637
18467 664
18468 737
18469 664
18470 702
18471 702
18472 702
18473 702
18474 702
18475 702
18476 664
18477 578
18478 737
18479 737
18480 737
18481 664
18482 578
18483 690
18484 655
18485 578
18486 646
18487 578
18488 655
18489 702
18490 690
18491 702
18492 738
18493 637
18494 690
18495 578
18496 578
18497 578
18498 702
18499 348
18500 702
18501 348
18502 664
18503 578
18504 578
18505 690
18506 664
18507 578
18508 425
18509 578
18510 702
18511 578
18512 655
18513 578
18514 348
18515 690
18516 637
18517 702
18518 637
18519 702
18520 738
18521 664
18522 737
18523 578
18524 690
18525 578
18526 664
18527 637
18528 702
18529 702
18530 655
18531 578
18532 348
18533 578
18534 702
18535 702
18536 732
18537 702
18538 732
18539 737
18540 734
18541 738
18542 738
18543 702
18544 702
18545 578
18546 348
18547 578
18548 690
18549 732
18550 702
18551 702
18552 702
18553 637
18554 702
18555 702
18556 348
18557 578
18558 348
18559 702
18560 702
18561 664
18562 737
18563 664
18564 690
18565 655
18566 738
18567 578
18568 664
18569 348
18570 655
18571 738
18572 655
18573 738
18574 690
18575 732
18576 702
18577 578
18578 734
18579 739
18580 664
18581 702
18582 631
18583 702
18584 690
18585 690
18586 734
18587 739
18588 702
18589 732
18590 702
18591 702
18592 734
18593 737
18594 702
18595 702
18596 734
18597 702
18598 702
18599 578
18600 702
18601 738
18602 737
18603 690
18604 702
18605 702
18606 578
18607 702
18608 732
18609 348
18610 348
18611 739
18612 737
18613 738
18614 664
18615 655
18616 702
18617 702
18618 702
18619 690
18620 664
18621 690
18622 578
18623 637
18624 664
18625 732
18626 664
18627 664
18628 646
18629 690
18630 637
18631 702
18632 578
18633 690
18634 737
18635 738
18636 631
18637 737
18638 737
18639 737
18640 702
18641 702
18642 737
18643 732
18644 655
18645 646
18646 732
18647 578
18648 702
18649 578
18650 578
18651 738
18652 348
18653 578
18654 578
18655 578
18656 737
18657 578
18658 646
18659 578
18660 702
18661 690
18662 702
18663 690
18664 578
18665 664
18666 702
18667 702
18668 655
18669 690
18670 702
18671 578
18672 655
18673 738
18674 702
18675 637
18676 738
18677 664
18678 578
18679 690
18680 578
18681 655
18682 664
18683 578
18684 348
18685 631
18686 637
18687 702
18688 702
18689 738
18690 702
18691 737
18692 702
18693 690
18694 664
18695 425
18696 696
18697 737
18698 664
18699 737
18700 578
18701 578
18702 348
18703 702
18704 702
18705 702
18706 702
18707 737
18708 655
18709 732
18710 637
18711 702
18712 663
18713 664
18714 702
18715 655
18716 732
18717 578
18718 664
18719 348
18720 664
18721 702
18722 737
18723 348
18724 664
18725 702
18726 702
18727 738
18728 702
18729 738
18730 578
18731 664
18732 737
18733 578
18734 734
18735 702
18736 690
18737 578
18738 702
18739 702
18740 664
18741 702
18742 578
18743 702
18744 702
18745 348
18746 637
18747 655
18748 690
18749 655
18750 738
18751 348
18752 738
18753 637
18754 655
18755 578
18756 578
18757 737
18758 425
18759 664
18760 578
18761 578
18762 690
18763 578
18764 578
18765 664
18766 578
18767 578
18768 664
18769 690
18770 578
18771 578
18772 738
18773 578
18774 637
18775 702
18776 348
18777 664
18778 734
18779 702
18780 578
18781 664
18782 578
18783 664
18784 664
18785 578
18786 578
18787 578
18788 637
18789 702
18790 702
18791 702
18792 702
18793 578
18794 348
18795 348
18796 664
18797 637
18798 734
18799 637
18800 578
18801 664
18802 578
18803 702
18804 655
18805 578
18806 664
18807 637
18808 702
18809 702
18810 578
18811 637
18812 702
18813 702
18814 664
18815 664
18816 578
18817 702
18818 702
18819 578
18820 702
18821 664
18822 690
18823 702
18824 738
18825 738
18826 702
18827 690
18828 348
18829 734
18830 664
18831 734
18832 578
18833 702
18834 664
18835 578
18836 578
18837 637
18838 664
18839 702
18840 734
18841 739
18842 348
18843 664
18844 737
18845 702
18846 690
18847 348
18848 702
18849 690
18850 702
18851 702
18852 702
18853 702
18854 737
18855 702
18856 637
18857 578
18858 655
18859 578
18860 578
18861 702
18862 690
18863 737
18864 702
18865 425
18866 578
18867 702
18868 690
18869 348
18870 664
18871 702
18872 578
18873 732
18874 702
18875 690
18876 578
18877 348
18878 702
18879 702
18880 737
18881 664
18882 578
18883 664
18884 702
18885 690
18886 578
18887 578
18888 702
18889 578
18890 738
18891 578
18892 578
18893 702
18894 348
18895 737
18896 734
18897 690
18898 702
18899 664
18900 637
18901 702
18902 732
18903 578
18904 702
18905 578
18906 702
18907 646
18908 578
18909 696
18910 737
18911 696
18912 664
18913 664
18914 578
18915 737
18916 655
18917 738
18918 348
18919 690
18920 578
18921 348
18922 578
18923 702
18924 664
18925 664
18926 690
18927 578
18928 702
18929 578
18930 578
18931 734
18932 664
18933 664
18934 578
18935 578
18936 578
18937 702
18938 702
18939 738
18940 655
18941 664
18942 655
18943 702
18944 702
18945 690
18946 738
18947 425
18948 702
18949 702
18950 702
18951 664
18952 693
18953 740
18954 791
18955 740
18956 631
18957 740
18958 691
18959 646
18960 792
18961 740
18962 793
18963 740
18964 655
18965 740
18966 631
18967 740
18968 646
18969 740
