9485 264
9486 88
9487 8
9488 366
9489 46
9490 235
9491 79
9492 88
9493 88
9494 88
9495 90
9496 589
9497 88
9498 589
9499 235
9500 235
9501 589
9502 88
9503 119
9504 79
9505 16
9506 264
9507 79
9508 119
9509 119
9510 360
9511 119
9512 503
9513 88
9514 119
9515 119
9516 385
9517 46
9518 16
9519 46
9520 88
9521 119
9522 88
9523 88
9524 84
9525 119
9526 119
9527 46
9528 594
9529 88
9530 498
9531 235
9532 427
9533 503
9534 119
9535 427
9536 243
9537 594
9538 595
9539 498
9540 594
9541 594
9542 88
9543 224
9544 355
9545 427
9546 358
9547 84
9548 119
9549 88
9550 88
9551 503
9552 360
9553 595
9554 427
9555 589
9556 88
9557 119
9558 88
9559 264
9560 46
9561 88
9562 119
9563 16
9564 119
9565 366
9566 88
9567 589
9568 88
9569 228
9570 88
9571 264
9572 235
9573 88
9574 88
9575 427
9576 119
9577 88
9578 88
9579 416
9580 88
9581 119
9582 16
9583 228
9584 46
9585 427
9586 594
9587 589
9588 594
9589 366
9590 589
9591 119
9592 88
9593 88
9594 88
9595 16
9596 264
9597 88
9598 235
9599 46
9600 503
9601 88
9602 594
9603 355
9604 88
9605 88
9606 88
9607 88
9608 599
9609 589
9610 88
9611 588
9612 366
9613 46
9614 594
9615 589
9616 595
9617 355
9618 599
9619 595
9620 355
9621 427
9622 46
9623 119
9624 119
9625 119
9626 243
9627 119
9628 16
9629 594
9630 503
9631 88
9632 88
9633 90
9634 46
9635 503
9636 589
9637 427
9638 119
9639 235
9640 594
9641 88
9642 228
9643 88
9644 243
9645 588
9646 46
9647 385
9648 427
9649 16
9650 79
9651 235
9652 235
9653 88
9654 119
9655 46
9656 88
9657 355
9658 235
9659 439
9660 88
9661 79
9662 427
9663 16
9664 119
9665 88
9666 88
9667 589
9668 589
9669 88
9670 88
9671 235
9672 119
9673 119
9674 46
9675 46
9676 46
9677 235
9678 79
9679 366
9680 503
9681 366
9682 589
9683 355
9684 355
9685 79
9686 16
9687 46
9688 358
9689 16
9690 88
9691 594
9692 88
9693 75
9694 589
9695 595
9696 594
9697 119
9698 88
9699 355
9700 46
9701 88
9702 119
9703 589
9704 119
9705 88
9706 594
9707 88
9708 427
9709 599
9710 264
9711 88
9712 46
9713 88
9714 427
9715 416
9716 16
9717 88
9718 235
9719 16
9720 88
9721 355
9722 427
9723 427
9724 119
9725 88
9726 366
9727 355
9728 88
9729 88
9730 119
9731 88
9732 355
9733 589
9734 366
9735 79
9736 88
9737 88
9738 88
9739 503
9740 88
9741 589
9742 427
9743 235
9744 119
9745 594
9746 46
9747 88
9748 427
9749 88
9750 594
9751 589
9752 355
9753 589
9754 46
9755 88
9756 88
9757 594
9758 503
9759 594
9760 46
9761 88
9762 355
9763 119
9764 355
9765 79
9766 594
9767 355
9768 119
9769 119
9770 119
9771 46
9772 88
9773 503
9774 119
9775 119
9776 594
9777 46
9778 594
9779 346
9780 119
9781 16
9782 90
9783 88
9784 594
9785 88
9786 119
9787 88
9788 594
9789 88
9790 84
9791 119
9792 594
9793 88
9794 46
9795 589
9796 88
9797 427
9798 16
9799 46
9800 427
9801 119
9802 119
9803 360
9804 594
9805 119
9806 589
9807 79
9808 66
9809 427
9810 589
9811 88
9812 589
9813 355
9814 16
9815 235
9816 88
9817 264
9818 88
9819 88
9820 88
9821 88
9822 257
9823 589
9824 264
9825 88
9826 243
9827 257
9828 88
9829 46
9830 503
9831 16
9832 355
9833 589
9834 119
9835 355
9836 594
9837 88
9838 88
9839 235
9840 79
9841 119
9842 66
9843 119
9844 503
9845 119
9846 427
9847 427
9848 88
9849 46
9850 88
9851 88
9852 79
9853 355
9854 46
9855 88
9856 235
9857 119
9858 16
9859 119
9860 427
9861 46
9862 119
9863 119
9864 235
9865 235
9866 119
9867 360
9868 88
9869 427
9870 503
9871 427
9872 589
9873 235
9874 360
9875 119
9876 235
9877 355
9878 235
9879 88
9880 16
9881 243
9882 88
9883 88
9884 88
9885 88
9886 264
9887 589
9888 427
9889 366
9890 16
9891 366
9892 503
9893 360
9894 355
9895 264
9896 46
9897 16
9898 427
9899 503
9900 235
9901 75
9902 16
9903 427
9904 46
9905 594
9906 46
9907 119
9908 16
9909 90
9910 594
9911 88
9912 88
9913 594
9914 594
9915 589
9916 594
9917 88
9918 88
9919 589
9920 16
9921 589
9922 235
9923 46
9924 88
9925 88
9926 88
9927 264
9928 88
9929 119
9930 235
9931 119
9932 88
9933 88
9934 16
9935 119
9936 88
9937 503
9938 88
9939 503
9940 235
9941 427
9942 589
9943 16
9944 75
9945 88
9946 88
9947 589
9948 119
9949 119
9950 355
9951 88
9952 88
9953 88
9954 589
9955 88
9956 119
9957 599
9958 235
9959 503
9960 594
9961 589
9962 355
9963 599
9964 75
9965 427
9966 88
9967 594
9968 119
9969 498
9970 427
9971 503
9972 88
9973 79
9974 46
9975 88
9976 264
9977 366
9978 88
9979 88
9980 427
9981 355
9982 16
9983 88
9984 589
9985 119
9986 84
9987 503
9988 235
9989 88
9990 427
9991 589
9992 46
9993 119
9994 88
9995 16
9996 16
9997 88
9998 46
9999 119
10000 16
10001 16
10002 88
10003 88
10004 16
10005 88
10006 16
10007 119
10008 46
10009 589
10010 355
10011 88
10012 243
10013 88
10014 243
10015 88
10016 88
10017 119
10018 589
10019 88
10020 46
10021 366
10022 503
10023 366
10024 46
10025 88
10026 589
10027 46
10028 589
10029 594
10030 589
10031 243
10032 88
10033 594
10034 427
10035 385
10036 46
10037 6
10038 119
10039 88
10040 79
10041 75
10042 366
10043 589
10044 16
10045 589
10046 503
10047 88
10048 88
10049 366
10050 503
10051 594
10052 235
10053 88
10054 88
10055 88
10056 385
10057 46
10058 88
10059 46
10060 595
10061 427
10062 88
10063 88
10064 355
10065 88
10066 88
10067 119
10068 88
10069 88
10070 594
10071 589
10072 79
10073 46
10074 360
10075 119
10076 88
10077 594
10078 16
10079 503
10080 88
10081 385
10082 594
10083 358
10084 228
10085 503
10086 88
10087 79
10088 88
10089 589
10090 88
10091 594
10092 366
10093 355
10094 119
10095 594
10096 589
10097 84
10098 119
10099 46
10100 90
10101 119
10102 257
10103 589
10104 46
10105 88
10106 119
10107 366
10108 95
10109 46
10110 366
10111 589
10112 119
10113 90
10114 235
10115 16
10116 88
10117 427
10118 427
10119 88
10120 119
10121 88
10122 119
10123 594
10124 88
10125 88
10126 46
10127 589
10128 88
10129 88
10130 119
10131 88
10132 75
10133 589
10134 119
10135 88
10136 88
10137 119
10138 589
10139 119
10140 119
10141 503
10142 16
10143 503
10144 16
10145 119
10146 503
10147 119
10148 46
10149 46
10150 88
10151 355
10152 119
10153 90
10154 589
10155 79
10156 119
10157 88
10158 235
10159 589
10160 88
10161 46
10162 594
10163 88
10164 235
10165 119
10166 594
10167 427
10168 79
10169 88
10170 427
10171 366
10172 46
10173 366
10174 264
10175 235
10176 235
10177 264
10178 235
10179 503
10180 88
10181 119
10182 119
10183 119
10184 88
10185 88
10186 427
10187 88
10188 355
10189 599
10190 88
10191 88
10192 366
10193 88
10194 264
10195 427
10196 243
10197 259
10198 119
10199 119
10200 599
10201 119
10202 119
10203 355
10204 88
10205 366
10206 355
10207 79
10208 75
10209 16
10210 594
10211 235
10212 66
10213 16
10214 243
10215 355
10216 360
10217 88
10218 355
10219 119
10220 589
10221 119
10222 90
10223 589
10224 595
10225 366
10226 235
10227 119
10228 88
10229 589
10230 589
10231 88
10232 79
10233 88
10234 119
10235 366
10236 366
10237 264
10238 88
10239 88
10240 119
10241 235
10242 589
10243 264
10244 589
10245 589
10246 79
10247 88
10248 88
10249 594
10250 88
10251 119
10252 88
10253 46
10254 119
10255 88
10256 119
10257 20
10258 503
10259 355
10260 88
10261 46
10262 235
10263 589
10264 79
10265 79
10266 46
10267 589
10268 243
10269 355
10270 119
10271 79
10272 88
10273 366
10274 243
10275 416
10276 594
10277 589
10278 46
10279 90
10280 16
10281 84
10282 235
10283 119
10284 355
10285 46
10286 355
10287 366
10288 119
10289 358
10290 427
10291 16
10292 119
10293 90
10294 216
10295 243
10296 119
10297 355
10298 355
10299 46
10300 46
10301 360
10302 88
10303 589
10304 427
10305 46
10306 46
10307 88
10308 46
10309 119
10310 88
10311 243
10312 46
10313 75
10314 503
10315 503
10316 119
10317 88
10318 88
10319 79
10320 594
10321 20
10322 2
10323 235
10324 88
10325 88
10326 498
10327 79
10328 46
10329 264
10330 235
10331 427
10332 79
10333 88
10334 119
10335 594
10336 119
10337 235
10338 243
10339 66
10340 589
10341 235
10342 589
10343 88
10344 503
10345 594
10346 79
10347 355
10348 589
10349 264
10350 264
10351 88
10352 88
10353 503
10354 88
10355 243
10356 594
10357 119
10358 427
10359 235
10360 75
10361 416
10362 88
10363 594
10364 88
10365 427
10366 594
10367 88
10368 355
10369 498
10370 257
10371 366
10372 366
10373 257
10374 589
10375 88
10376 88
10377 88
10378 52
10379 119
10380 88
10381 88
10382 88
10383 366
10384 66
10385 119
10386 503
10387 228
10388 16
10389 235
10390 46
10391 594
10392 16
10393 16
10394 589
10395 119
10396 119
10397 119
10398 235
10399 427
10400 88
10401 503
10402 16
10403 88
10404 594
10405 503
10406 88
10407 16
10408 235
10409 366
10410 66
10411 88
10412 88
10413 88
10414 503
10415 46
10416 243
10417 88
10418 358
10419 594
10420 257
10421 16
10422 427
10423 16
10424 75
10425 88
10426 589
10427 88
10428 589
10429 88
10430 503
10431 503
10432 264
10433 88
10434 46
10435 88
10436 589
10437 355
10438 16
10439 355
10440 88
10441 119
10442 88
10443 79
10444 90
10445 427
10446 119
10447 16
10448 119
10449 16
10450 16
10451 235
10452 595
10453 355
10454 88
10455 119
10456 366
10457 88
10458 88
10459 418
10460 589
10461 75
10462 119
10463 594
10464 88
10465 33
10466 88
10467 589
10468 503
10469 46
10470 119
10471 119
10472 88
10473 119
10474 427
10475 589
10476 259
10477 88
10478 589
10479 594
10480 88
10481 88
10482 235
10483 427
10484 46
10485 88
10486 594
10487 16
10488 79
10489 228
10490 594
10491 119
10492 88
10493 355
10494 235
10495 119
10496 589
10497 235
10498 355
10499 363
10500 75
10501 355
10502 119
10503 46
10504 88
10505 355
10506 589
10507 16
10508 46
10509 235
10510 119
10511 427
10512 589
10513 119
10514 88
10515 360
10516 355
10517 88
10518 355
10519 46
10520 88
10521 46
10522 228
10523 88
10524 88
10525 503
10526 355
10527 594
10528 46
10529 46
10530 427
10531 264
10532 119
10533 257
10534 594
10535 75
10536 594
10537 228
10538 503
10539 75
10540 88
10541 88
10542 264
10543 243
10544 88
10545 594
10546 385
10547 427
10548 503
10549 119
10550 88
10551 75
10552 88
10553 66
10554 228
10555 589
10556 88
10557 355
10558 16
10559 235
10560 503
10561 88
10562 235
10563 84
10564 88
10565 427
10566 427
10567 503
10568 88
10569 88
10570 88
10571 366
10572 119
10573 264
10574 355
10575 88
10576 355
10577 594
10578 88
10579 259
10580 46
10581 119
10582 589
10583 360
10584 594
10585 88
10586 88
10587 46
10588 264
10589 88
10590 119
10591 503
10592 503
10593 66
10594 88
10595 228
10596 88
10597 88
10598 594
10599 594
10600 119
10601 503
10602 88
10603 594
10604 46
10605 243
10606 377
10607 360
10608 88
10609 46
10610 235
10611 228
10612 235
10613 88
10614 594
10615 88
10616 355
10617 355
10618 88
10619 88
10620 88
10621 46
10622 75
10623 366
10624 503
10625 594
10626 119
10627 88
10628 358
10629 427
10630 264
10631 46
10632 594
10633 594
10634 88
10635 75
10636 46
10637 366
10638 46
10639 119
10640 88
10641 612
10642 88
10643 355
10644 75
10645 46
10646 594
10647 88
10648 427
10649 88
10650 88
10651 594
10652 498
10653 88
10654 88
10655 362
10656 427
10657 589
10658 594
10659 503
10660 235
10661 90
10662 88
10663 355
10664 366
10665 88
10666 589
10667 366
10668 119
10669 594
10670 46
10671 46
10672 46
10673 88
10674 366
10675 119
10676 257
10677 119
10678 355
10679 427
10680 90
10681 88
10682 366
10683 589
10684 355
10685 355
10686 119
10687 119
10688 119
10689 46
10690 235
10691 594
10692 46
10693 46
10694 119
10695 8
10696 88
10697 427
10698 88
10699 88
10700 355
10701 88
10702 594
10703 88
10704 595
10705 8
10706 594
10707 119
10708 79
10709 75
10710 119
10711 243
10712 427
10713 594
10714 16
10715 16
10716 46
10717 235
10718 355
10719 46
10720 119
10721 503
10722 360
10723 119
10724 16
10725 119
10726 503
10727 355
10728 503
10729 88
10730 88
10731 79
10732 355
10733 46
10734 16
10735 366
10736 264
10737 88
10738 46
10739 427
10740 88
10741 88
10742 589
10743 46
10744 594
10745 119
10746 88
10747 119
10748 88
10749 88
10750 589
10751 355
10752 79
10753 119
10754 88
10755 88
10756 599
10757 427
10758 88
10759 427
10760 88
10761 594
10762 119
10763 119
10764 235
10765 498
10766 46
10767 503
10768 88
10769 594
10770 88
10771 88
10772 594
10773 427
10774 503
10775 503
10776 88
10777 594
10778 594
10779 88
10780 46
10781 79
10782 88
10783 224
10784 235
10785 366
10786 503
10787 119
10788 235
10789 228
10790 427
10791 46
10792 75
10793 427
10794 257
10795 88
10796 235
10797 355
10798 427
10799 88
10800 88
10801 119
10802 88
10803 46
10804 88
10805 243
10806 88
10807 88
10808 88
10809 88
10810 79
10811 79
10812 88
10813 594
10814 119
10815 88
10816 119
10817 16
10818 257
10819 88
10820 599
10821 594
10822 594
10823 16
10824 235
10825 264
10826 360
10827 88
10828 503
10829 235
10830 119
10831 46
10832 589
10833 119
10834 88
10835 366
10836 599
10837 589
10838 46
10839 20
10840 355
10841 119
10842 88
10843 235
10844 66
10845 16
10846 355
10847 503
10848 88
10849 84
10850 88
10851 119
10852 88
10853 119
10854 79
10855 119
10856 46
10857 88
10858 88
10859 46
10860 243
10861 119
10862 46
10863 589
10864 360
10865 355
10866 84
10867 75
10868 366
10869 355
10870 88
10871 594
10872 439
10873 88
10874 503
10875 594
10876 46
10877 88
10878 66
10879 46
10880 235
10881 594
10882 235
10883 88
10884 259
10885 88
10886 88
10887 88
10888 119
10889 264
10890 88
10891 355
10892 355
10893 79
10894 498
10895 119
10896 119
10897 119
10898 88
10899 503
10900 589
10901 46
10902 88
10903 46
10904 589
10905 88
10906 257
10907 88
10908 119
10909 254
10910 88
10911 264
10912 88
10913 589
10914 119
10915 427
10916 503
10917 589
10918 88
10919 427
10920 589
10921 589
10922 88
10923 259
10924 46
10925 589
10926 503
10927 264
10928 119
10929 8
10930 589
10931 88
10932 119
10933 119
10934 119
10935 595
10936 88
10937 88
10938 88
10939 75
10940 589
10941 503
10942 88
10943 366
10944 66
10945 235
10946 79
10947 119
10948 88
10949 119
10950 358
10951 228
10952 589
10953 427
10954 594
10955 88
10956 46
10957 366
10958 88
10959 88
10960 88
10961 88
10962 358
10963 119
10964 355
10965 20
10966 16
10967 119
10968 594
10969 594
10970 235
10971 589
10972 589
10973 88
10974 235
10975 88
10976 235
10977 594
10978 427
10979 355
10980 589
10981 355
10982 88
10983 235
10984 119
10985 366
10986 119
10987 355
10988 119
10989 119
10990 119
10991 594
10992 427
10993 427
10994 88
10995 46
10996 88
10997 46
10998 119
10999 75
11000 119
11001 589
11002 503
11003 46
11004 88
11005 20
11006 88
11007 88
11008 594
11009 427
11010 88
11011 88
11012 88
11013 46
11014 427
11015 90
11016 427
11017 427
11018 79
11019 88
11020 503
11021 594
11022 119
11023 46
11024 88
11025 427
11026 366
11027 88
11028 360
11029 46
11030 427
11031 503
11032 228
11033 589
11034 589
11035 235
11036 243
11037 88
11038 235
11039 88
11040 503
11041 243
11042 119
11043 88
11044 498
11045 88
11046 119
11047 88
11048 235
11049 88
11050 88
11051 88
11052 503
11053 503
11054 119
11055 119
11056 88
11057 46
11058 589
11059 243
11060 88
11061 264
11062 119
11063 589
11064 119
11065 235
11066 88
11067 79
11068 119
11069 589
11070 88
11071 243
11072 84
11073 46
11074 594
11075 427
11076 88
11077 355
11078 589
11079 66
11080 88
11081 88
11082 88
11083 46
11084 355
11085 16
11086 599
11087 88
11088 88
11089 88
11090 594
11091 46
11092 88
11093 594
11094 503
11095 355
11096 119
11097 427
11098 235
11099 16
11100 259
11101 589
11102 503
11103 88
11104 75
11105 88
11106 427
11107 75
11108 46
11109 88
11110 88
11111 88
11112 90
11113 119
11114 228
11115 119
11116 594
11117 46
11118 119
11119 355
11120 79
11121 88
11122 589
11123 88
11124 503
11125 264
11126 503
11127 589
11128 358
11129 16
11130 88
11131 594
11132 46
11133 235
11134 88
11135 88
11136 88
11137 243
11138 355
11139 416
11140 594
11141 119
11142 88
11143 88
11144 355
11145 594
11146 46
11147 594
11148 235
11149 88
11150 589
11151 88
11152 88
11153 366
11154 503
11155 427
11156 79
11157 16
11158 46
11159 366
11160 594
11161 88
11162 79
11163 88
11164 235
11165 119
11166 589
11167 498
11168 88
11169 88
11170 88
11171 427
11172 88
11173 427
11174 503
11175 355
11176 355
11177 243
11178 264
11179 427
11180 88
11181 589
11182 366
11183 75
11184 503
11185 88
11186 259
11187 243
11188 119
11189 503
11190 235
11191 503
11192 88
11193 613
11194 355
11195 427
11196 88
11197 88
11198 88
11199 264
11200 79
11201 427
11202 88
11203 366
11204 16
11205 235
11206 75
11207 503
11208 235
11209 235
11210 589
11211 119
11212 427
11213 119
11214 88
11215 75
11216 79
11217 88
11218 88
11219 257
11220 88
11221 595
11222 119
11223 355
11224 88
11225 355
11226 46
11227 589
11228 119
11229 503
11230 119
11231 88
11232 588
11233 427
11234 243
11235 235
11236 46
11237 75
11238 355
11239 75
11240 88
11241 119
11242 119
11243 589
11244 119
11245 595
11246 46
11247 264
11248 119
11249 119
11250 88
11251 589
11252 84
11253 503
11254 46
11255 385
11256 119
11257 119
11258 16
11259 88
11260 589
11261 88
11262 88
11263 88
11264 427
11265 119
11266 75
11267 594
11268 594
11269 119
11270 589
11271 599
11272 503
11273 88
11274 366
11275 427
11276 16
11277 88
11278 16
11279 589
11280 88
11281 88
11282 88
11283 88
11284 498
11285 46
11286 88
11287 427
11288 88
11289 355
11290 88
11291 243
11292 235
11293 503
11294 427
11295 88
11296 88
11297 243
11298 355
11299 119
11300 355
11301 88
11302 46
11303 594
11304 16
11305 88
11306 88
11307 88
11308 594
11309 88
11310 594
11311 119
11312 46
11313 88
11314 427
11315 119
11316 119
11317 88
11318 614
11319 427
11320 589
11321 119
11322 355
11323 119
11324 119
11325 355
11326 119
11327 355
11328 66
11329 88
11330 119
11331 46
11332 594
11333 594
11334 88
11335 257
11336 119
11337 88
11338 16
11339 427
11340 46
11341 355
11342 228
11343 235
11344 88
11345 589
11346 119
11347 264
11348 366
11349 235
11350 427
11351 594
11352 88
11353 8
11354 46
11355 366
11356 228
11357 119
11358 88
11359 119
11360 46
11361 235
11362 589
11363 46
11364 235
11365 119
11366 46
11367 503
11368 119
11369 88
11370 46
11371 611
11372 249
11373 62
11374 615
11375 75
11376 101
11377 363
11378 121
11379 616
11380 611
11381 249
