24661 801
24662 964
24663 801
24664 801
24665 801
24666 962
24667 910
24668 801
24669 964
24670 801
24671 801
24672 962
24673 801
24674 910
24675 801
24676 801
24677 801
24678 910
24679 966
24680 795
24681 988
24682 960
24683 910
24684 910
24685 910
24686 910
24687 910
24688 904
24689 967
24690 850
24691 856
24692 969
24693 801
24694 801
24695 917
24696 969
24697 917
24698 970
24699 958
24700 917
24701 917
24702 961
24703 962
24704 961
24705 910
24706 962
24707 964
24708 967
24709 910
24710 961
24711 971
24712 961
24713 801
24714 910
24715 801
24716 910
24717 801
24718 971
24719 801
24720 910
24721 961
24722 917
24723 978
24724 801
24725 971
24726 801
24727 910
24728 850
24729 904
24730 910
24731 910
24732 964
24733 904
24734 961
24735 961
24736 959
24737 801
24738 910
24739 910
24740 801
24741 962
24742 801
24743 801
24744 801
24745 963
24746 797
24747 856
24748 975
24749 917
24750 801
24751 988
24752 801
24753 801
24754 964
24755 910
24756 967
24757 961
24758 962
24759 850
24760 964
24761 910
24762 910
24763 910
24764 962
24765 910
24766 801
24767 801
24768 801
24769 962
24770 795
24771 856
24772 910
24773 910
24774 910
24775 801
24776 964
24777 910
24778 910
24779 961
24780 910
24781 961
24782 801
24783 910
24784 801
24785 801
24786 962
24787 910
24788 850
24789 962
24790 970
24791 962
24792 801
24793 910
24794 978
24795 917
24796 801
24797 961
24798 978
24799 910
24800 917
24801 801
24802 960
24803 899
24804 961
24805 910
24806 910
24807 899
24808 850
24809 801
24810 801
24811 801
24812 801
24813 967
24814 850
24815 963
24816 801
24817 964
24818 801
24819 961
24820 971
24821 801
24822 964
24823 1044
24824 801
24825 978
24826 801
24827 795
24828 801
24829 850
24830 967
24831 910
24832 961
24833 962
24834 856
24835 961
24836 961
24837 910
24838 910
24839 961
24840 801
24841 961
24842 1045
24843 801
24844 961
24845 910
24846 910
24847 910
24848 910
24849 962
24850 910
24851 801
24852 910
24853 801
24854 979
24855 962
24856 801
24857 910
24858 910
24859 801
24860 801
24861 801
24862 910
24863 801
24864 964
24865 801
24866 910
24867 910
24868 964
24869 910
24870 959
24871 961
24872 910
24873 910
24874 801
24875 910
24876 961
24877 801
24878 801
24879 961
24880 801
24881 961
24882 963
24883 964
24884 856
24885 969
24886 801
24887 801
24888 801
24889 980
24890 963
24891 910
24892 959
24893 910
24894 964
24895 910
24896 967
24897 910
24898 910
24899 910
24900 801
24901 910
24902 910
24903 801
24904 962
24905 910
24906 969
24907 801
24908 801
24909 910
24910 971
24911 967
24912 801
24913 960
24914 801
24915 962
24916 801
24917 910
24918 801
24919 964
24920 801
24921 962
24922 850
24923 856
24924 910
24925 801
24926 801
24927 795
24928 801
24929 910
24930 801
24931 801
24932 801
24933 960
24934 801
24935 962
24936 910
24937 899
24938 967
24939 801
24940 910
24941 978
24942 961
24943 969
24944 801
24945 910
24946 962
24947 801
24948 971
24949 801
24950 982
24951 801
24952 963
24953 801
24954 801
24955 801
24956 961
24957 961
24958 801
24959 801
24960 910
24961 910
24962 988
24963 960
24964 801
24965 964
24966 961
24967 801
24968 899
24969 801
24970 967
24971 801
24972 801
24973 801
24974 964
24975 801
24976 801
24977 801
24978 910
24979 960
24980 910
24981 961
24982 801
24983 910
24984 801
24985 910
24986 801
24987 960
24988 917
24989 910
24990 962
24991 801
24992 801
24993 917
24994 801
24995 970
24996 801
24997 902
24998 801
24999 801
25000 910
25001 801
25002 801
25003 910
25004 960
25005 910
25006 910
25007 961
25008 910
25009 910
25010 962
25011 856
25012 967
25013 801
25014 964
25015 961
25016 910
25017 959
25018 801
25019 801
25020 960
25021 801
25022 801
25023 964
25024 982
25025 801
25026 801
25027 910
25028 910
25029 960
25030 801
25031 1046
25032 964
25033 917
25034 962
25035 961
25036 910
25037 962
25038 961
25039 978
25040 795
25041 979
25042 910
25043 910
25044 801
25045 801
25046 910
25047 910
25048 971
25049 1047
25050 910
25051 899
25052 917
25053 962
25054 801
25055 910
25056 917
25057 904
25058 971
25059 964
25060 801
25061 797
25062 801
25063 801
25064 988
25065 964
25066 988
25067 962
25068 910
25069 801
25070 961
25071 801
25072 801
25073 801
25074 801
25075 962
25076 856
25077 910
25078 970
25079 988
25080 967
25081 801
25082 801
25083 801
25084 964
25085 962
25086 967
25087 910
25088 801
25089 801
25090 795
25091 801
25092 910
25093 967
25094 910
25095 801
25096 963
25097 801
25098 853
25099 801
25100 910
25101 910
25102 801
25103 899
25104 978
25105 801
25106 910
25107 801
25108 961
25109 801
25110 801
25111 856
25112 1048
25113 978
25114 801
25115 910
25116 978
25117 964
25118 801
25119 961
25120 961
25121 801
25122 801
25123 961
25124 910
25125 801
25126 797
25127 988
25128 801
25129 910
25130 801
25131 910
25132 795
25133 964
25134 910
25135 964
25136 801
25137 910
25138 960
25139 910
25140 964
25141 801
25142 910
25143 960
25144 801
25145 917
25146 960
25147 801
25148 801
25149 961
25150 853
25151 801
25152 801
25153 801
25154 967
25155 801
25156 856
25157 967
25158 960
25159 801
25160 961
25161 801
25162 856
25163 801
25164 797
25165 967
25166 850
25167 910
25168 910
25169 801
25170 801
25171 801
25172 960
25173 960
25174 801
25175 801
25176 910
25177 971
25178 801
25179 801
25180 967
25181 912
25182 850
25183 801
25184 801
25185 910
25186 964
25187 910
25188 910
25189 910
25190 962
25191 963
25192 801
25193 910
25194 964
25195 801
25196 961
25197 795
25198 978
25199 801
25200 801
25201 910
25202 801
25203 961
25204 801
25205 801
25206 910
25207 801
25208 801
25209 962
25210 801
25211 917
25212 910
25213 961
25214 960
25215 917
25216 899
25217 964
25218 801
25219 910
25220 801
25221 910
25222 801
25223 910
25224 917
25225 963
25226 971
25227 797
25228 801
25229 801
25230 801
25231 801
25232 962
25233 964
25234 801
25235 801
25236 961
25237 801
25238 801
25239 797
25240 964
25241 801
25242 962
25243 801
25244 801
25245 801
25246 801
25247 801
25248 910
25249 801
25250 795
25251 910
25252 801
25253 801
25254 801
25255 801
25256 917
25257 856
25258 801
25259 690
25260 801
25261 910
25262 962
25263 910
25264 961
25265 967
25266 801
25267 961
25268 971
25269 801
25270 969
25271 801
25272 850
25273 801
25274 801
25275 910
25276 910
25277 801
25278 963
25279 801
25280 910
25281 910
25282 801
25283 795
25284 960
25285 910
25286 910
25287 963
25288 795
25289 801
25290 961
25291 801
25292 910
25293 961
25294 910
25295 801
25296 801
25297 801
25298 801
25299 850
25300 917
25301 801
25302 801
25303 801
25304 795
25305 961
25306 917
25307 910
25308 904
25309 964
25310 801
25311 801
25312 967
25313 856
25314 961
25315 988
25316 962
25317 801
25318 910
25319 961
25320 960
25321 801
25322 961
25323 801
25324 801
25325 910
25326 962
25327 962
25328 801
25329 797
25330 962
25331 961
25332 979
25333 910
25334 910
25335 960
25336 795
25337 964
25338 801
25339 801
25340 875
25341 962
25342 962
25343 910
25344 967
25345 971
25346 961
25347 910
25348 964
25349 801
25350 910
25351 801
25352 801
25353 961
25354 967
25355 961
25356 960
25357 917
25358 910
25359 971
25360 850
25361 961
25362 801
25363 910
25364 964
25365 801
25366 962
25367 970
25368 960
25369 801
25370 801
25371 801
25372 969
25373 801
25374 961
25375 962
25376 801
25377 801
25378 961
25379 801
25380 910
25381 962
25382 961
25383 962
25384 967
25385 967
25386 801
25387 801
25388 801
25389 801
25390 964
25391 966
25392 801
25393 904
25394 801
25395 964
25396 960
25397 801
25398 970
25399 910
25400 960
25401 962
25402 979
25403 982
25404 801
25405 910
25406 801
25407 964
25408 910
25409 801
25410 961
25411 961
25412 967
25413 963
25414 910
25415 801
25416 961
25417 856
25418 801
25419 961
25420 910
25421 962
25422 910
25423 795
25424 801
25425 801
25426 982
25427 910
25428 801
25429 917
25430 961
25431 801
25432 801
25433 960
25434 801
25435 961
25436 967
25437 910
25438 910
25439 959
25440 801
25441 801
25442 801
25443 961
25444 910
25445 801
25446 801
25447 971
25448 801
25449 801
25450 801
25451 910
25452 801
25453 850
25454 910
25455 967
25456 910
25457 801
25458 960
25459 801
25460 801
25461 801
25462 961
25463 801
25464 801
25465 801
25466 917
25467 960
25468 961
25469 801
25470 971
25471 910
25472 982
25473 801
25474 910
25475 961
25476 962
25477 961
25478 960
25479 960
25480 801
25481 910
25482 1049
25483 910
25484 801
25485 899
25486 910
25487 961
25488 910
25489 801
25490 801
25491 961
25492 801
25493 970
25494 801
25495 801
25496 801
25497 801
25498 801
25499 988
25500 961
25501 960
25502 910
25503 801
25504 910
25505 801
25506 962
25507 910
25508 960
25509 979
25510 801
25511 801
25512 959
25513 801
25514 910
25515 910
25516 962
25517 961
25518 961
25519 910
25520 910
25521 801
25522 961
25523 917
25524 801
25525 801
25526 801
25527 978
25528 959
25529 801
25530 961
25531 801
25532 910
25533 959
25534 960
25535 801
25536 964
25537 962
25538 910
25539 961
25540 962
25541 910
25542 801
25543 962
25544 801
25545 801
25546 961
25547 801
25548 910
25549 801
25550 801
25551 1042
25552 962
25553 967
25554 801
25555 982
25556 797
25557 961
25558 964
25559 801
25560 910
25561 801
25562 910
25563 801
25564 910
25565 801
25566 961
25567 801
25568 962
25569 801
25570 856
25571 801
25572 910
25573 801
25574 801
25575 801
25576 979
25577 910
25578 801
25579 797
25580 899
25581 853
25582 961
25583 801
25584 961
25585 971
25586 979
25587 801
25588 969
25589 910
25590 910
25591 801
25592 964
25593 961
25594 801
25595 801
25596 910
25597 962
25598 962
25599 801
25600 856
25601 969
25602 801
25603 801
25604 910
25605 961
25606 801
25607 910
25608 967
25609 917
25610 962
25611 961
25612 959
25613 801
25614 801
25615 801
25616 963
25617 960
25618 961
25619 801
25620 962
25621 801
25622 801
25623 982
25624 961
25625 801
25626 910
25627 961
25628 801
25629 961
25630 961
25631 801
25632 964
25633 964
25634 910
25635 910
25636 964
25637 961
25638 801
25639 801
25640 917
25641 910
25642 960
25643 801
25644 910
25645 967
25646 801
25647 801
25648 910
25649 904
25650 801
25651 910
25652 960
25653 978
25654 801
25655 801
25656 917
25657 801
25658 962
25659 964
25660 961
25661 801
25662 978
25663 904
25664 961
25665 967
25666 797
25667 962
25668 962
25669 962
25670 971
25671 801
25672 961
25673 801
25674 910
25675 875
25676 910
25677 988
25678 910
25679 961
25680 899
25681 801
25682 959
25683 910
25684 910
25685 801
25686 801
25687 910
25688 967
25689 801
25690 850
25691 962
25692 961
25693 967
25694 961
25695 966
25696 801
25697 801
25698 856
25699 910
25700 964
25701 853
25702 801
25703 961
25704 962
25705 801
25706 801
25707 797
25708 910
25709 801
25710 910
25711 960
25712 962
25713 962
25714 801
25715 801
25716 801
25717 961
25718 801
25719 910
25720 910
25721 960
25722 967
25723 969
25724 917
25725 910
25726 801
25727 961
25728 801
25729 964
25730 961
25731 960
25732 917
25733 801
25734 964
25735 801
25736 964
25737 910
25738 910
25739 961
25740 856
25741 967
25742 966
25743 964
25744 961
25745 960
25746 801
25747 969
25748 856
25749 801
25750 967
25751 899
25752 801
25753 801
25754 910
25755 801
25756 801
25757 963
25758 910
25759 961
25760 963
25761 960
25762 795
25763 962
25764 801
25765 1050
25766 801
25767 964
25768 978
25769 801
25770 975
25771 801
25772 853
25773 910
25774 801
25775 963
25776 801
25777 801
25778 801
25779 801
25780 961
25781 962
25782 917
25783 910
25784 801
25785 962
25786 961
25787 960
25788 801
25789 853
25790 801
25791 964
25792 910
25793 910
25794 982
25795 801
25796 910
25797 801
25798 910
25799 964
25800 801
25801 917
25802 962
25803 967
25804 910
25805 801
25806 910
25807 917
25808 801
25809 801
25810 961
25811 971
25812 917
25813 910
25814 801
25815 795
25816 801
25817 910
25818 801
25819 910
25820 917
25821 801
25822 910
25823 801
25824 910
25825 801
25826 910
25827 917
25828 964
25829 967
25830 961
25831 856
25832 801
25833 978
25834 801
25835 910
25836 801
25837 910
25838 961
25839 961
25840 917
25841 853
25842 961
25843 801
25844 875
25845 960
25846 801
25847 801
25848 801
25849 962
25850 964
25851 801
25852 801
25853 801
25854 1051
25855 910
25856 959
25857 967
25858 899
25859 960
25860 917
25861 801
25862 960
25863 910
25864 910
25865 801
25866 910
25867 801
25868 801
25869 917
25870 967
25871 963
25872 917
25873 801
25874 962
25875 910
25876 801
25877 961
25878 910
25879 801
25880 982
25881 960
25882 962
25883 917
25884 967
25885 801
25886 801
25887 801
25888 910
25889 962
25890 962
25891 961
25892 801
25893 967
25894 801
25895 801
25896 899
25897 967
25898 801
25899 801
25900 801
25901 962
25902 910
25903 875
25904 801
25905 979
25906 971
25907 801
25908 961
25909 801
25910 961
25911 960
25912 801
25913 978
25914 917
25915 910
25916 961
25917 962
25918 875
25919 961
25920 917
25921 910
25922 960
25923 910
25924 960
25925 960
25926 967
25927 801
25928 902
25929 910
25930 962
25931 917
25932 962
25933 962
25934 801
25935 801
25936 801
25937 801
25938 801
25939 795
25940 801
25941 801
25942 1052
25943 875
25944 801
25945 917
25946 801
25947 964
25948 910
25949 801
25950 964
25951 801
25952 964
25953 795
25954 917
25955 917
25956 910
25957 801
25958 980
25959 801
25960 966
25961 801
25962 801
25963 910
25964 910
25965 801
25966 850
25967 910
25968 801
25969 962
25970 910
25971 960
25972 857
25973 795
25974 910
25975 899
25976 960
25977 971
25978 917
25979 910
25980 801
25981 801
25982 971
25983 801
25984 910
25985 797
25986 967
25987 801
25988 910
25989 801
25990 801
25991 850
25992 967
25993 980
25994 795
25995 910
25996 797
25997 795
25998 966
25999 910
26000 962
26001 960
26002 961
26003 910
26004 960
26005 801
26006 962
26007 910
26008 801
26009 967
26010 801
26011 917
26012 801
26013 910
26014 801
26015 910
26016 910
26017 978
26018 801
26019 801
26020 961
26021 910
26022 964
26023 960
26024 964
26025 801
26026 801
26027 801
26028 801
26029 856
26030 960
26031 960
26032 801
26033 801
26034 961
26035 801
26036 910
26037 960
26038 801
26039 910
26040 801
26041 961
26042 797
26043 801
26044 801
26045 801
26046 960
26047 917
26048 971
26049 801
26050 961
26051 964
26052 801
26053 801
26054 801
26055 962
26056 801
26057 910
26058 910
26059 960
26060 801
26061 961
26062 801
26063 856
26064 801
26065 801
26066 850
26067 801
26068 801
26069 961
26070 801
26071 801
26072 801
26073 967
26074 801
26075 910
26076 961
26077 910
26078 962
26079 962
26080 801
26081 801
26082 850
26083 961
26084 795
26085 962
26086 801
26087 961
26088 917
26089 801
26090 801
26091 801
26092 801
26093 961
26094 969
26095 962
26096 960
26097 963
26098 960
26099 910
26100 964
26101 850
26102 910
26103 962
26104 1053
26105 801
26106 850
26107 961
26108 910
26109 961
26110 969
26111 801
26112 801
26113 801
26114 801
26115 961
26116 801
26117 801
26118 801
26119 801
26120 910
26121 801
26122 910
26123 964
26124 912
26125 795
26126 910
26127 801
26128 910
26129 795
26130 801
26131 962
26132 801
26133 801
26134 801
26135 910
26136 964
26137 850
26138 899
26139 795
26140 966
26141 971
26142 964
26143 801
26144 962
26145 961
26146 970
26147 801
26148 801
26149 801
26150 967
26151 964
26152 801
26153 801
26154 690
26155 850
26156 910
26157 963
26158 910
26159 910
26160 801
26161 801
26162 801
26163 967
26164 988
26165 910
26166 801
26167 964
26168 1054
26169 850
26170 801
26171 853
26172 967
26173 961
26174 801
26175 960
26176 971
26177 910
26178 962
26179 910
26180 801
26181 967
26182 801
26183 961
26184 963
26185 978
26186 801
26187 967
26188 910
26189 801
26190 971
26191 964
26192 910
26193 795
26194 801
26195 904
26196 801
26197 910
26198 801
26199 801
26200 910
26201 801
26202 962
26203 801
26204 801
26205 801
26206 960
26207 978
26208 978
26209 912
26210 988
26211 910
26212 964
26213 801
26214 964
26215 795
26216 801
26217 801
26218 801
26219 960
26220 910
26221 797
26222 910
26223 801
26224 801
26225 910
26226 856
26227 917
26228 856
26229 967
26230 801
26231 801
26232 982
26233 910
26234 962
26235 801
26236 962
26237 960
26238 801
26239 801
26240 801
26241 801
26242 801
26243 801
26244 801
26245 910
26246 801
26247 964
26248 910
26249 801
26250 967
26251 961
26252 960
26253 910
26254 910
26255 964
26256 962
26257 910
26258 960
26259 960
26260 899
26261 910
26262 967
26263 801
26264 964
26265 960
26266 962
26267 801
26268 960
26269 801
26270 960
26271 964
26272 967
26273 801
26274 801
26275 917
26276 910
26277 910
26278 961
26279 961
26280 910
26281 801
26282 801
26283 910
26284 801
26285 899
26286 801
26287 960
26288 961
26289 801
26290 910
26291 1042
26292 917
26293 801
26294 795
26295 978
26296 910
26297 967
26298 962
26299 917
26300 910
26301 971
26302 910
26303 910
26304 801
26305 910
26306 801
26307 902
26308 910
26309 910
26310 801
26311 801
26312 801
26313 801
26314 961
26315 917
26316 980
26317 857
26318 797
26319 917
26320 801
26321 801
26322 967
26323 910
26324 856
26325 961
26326 962
26327 917
26328 801
26329 856
26330 978
26331 971
26332 801
26333 801
26334 910
26335 801
26336 801
26337 982
26338 988
26339 910
26340 962
26341 960
26342 964
26343 960
26344 801
26345 910
26346 961
26347 801
26348 910
26349 801
26350 910
26351 960
26352 801
26353 801
26354 801
26355 910
26356 801
26357 961
26358 910
26359 964
26360 801
26361 958
26362 850
26363 910
26364 801
26365 961
26366 962
26367 964
26368 910
26369 961
26370 801
26371 801
26372 961
26373 801
26374 801
26375 961
26376 988
26377 801
26378 961
26379 899
26380 910
26381 962
26382 910
26383 801
26384 962
26385 856
26386 795
26387 801
26388 801
26389 962
26390 801
26391 690
26392 801
26393 801
26394 961
26395 961
26396 982
26397 917
26398 801
26399 961
26400 917
26401 910
26402 910
26403 964
26404 910
26405 801
26406 969
26407 801
26408 856
26409 962
26410 910
26411 967
26412 962
26413 910
26414 971
26415 801
26416 961
26417 801
26418 960
26419 960
26420 801
26421 801
26422 801
26423 910
26424 969
26425 797
26426 801
26427 910
26428 960
26429 801
26430 967
26431 967
26432 801
26433 795
26434 910
26435 899
26436 910
26437 899
26438 910
26439 801
26440 801
26441 910
26442 801
26443 910
26444 962
26445 910
26446 801
26447 969
26448 975
26449 961
26450 910
26451 961
26452 910
26453 795
26454 801
26455 910
26456 961
26457 801
26458 801
26459 961
26460 961
26461 910
26462 967
26463 801
26464 801
26465 961
26466 962
26467 962
26468 910
26469 958
26470 801
26471 801
26472 971
26473 801
26474 801
26475 801
26476 910
26477 967
26478 853
26479 910
26480 910
26481 801
26482 961
26483 910
26484 801
26485 964
26486 962
26487 962
26488 801
26489 801
26490 801
26491 801
26492 850
26493 856
26494 910
26495 801
26496 801
26497 801
26498 979
26499 801
26500 801
26501 910
26502 797
26503 801
26504 910
26505 801
26506 797
26507 801
26508 801
26509 801
26510 801
26511 964
26512 964
26513 899
26514 801
26515 801
26516 961
26517 967
26518 801
26519 801
26520 801
26521 801
26522 962
26523 963
26524 917
26525 910
26526 960
26527 801
26528 801
26529 961
26530 856
26531 962
26532 801
26533 964
26534 1055
26535 1056
26536 1043
26537 988
26538 904
26539 917
26540 917
26541 971
26542 801
26543 917
26544 1043
26545 1057
26546 797
26547 801
26548 982
26549 801
26550 904
26551 971
26552 964
26553 902
26554 1058
26555 910
26556 904
26557 902
