11382 115
11383 620
11384 249
11385 616
11386 617
11387 79
11388 53
11389 256
11390 621
11391 101
11392 346
11393 10
11394 617
11395 79
11396 616
11397 79
11398 611
11399 79
11400 620
11401 611
11402 616
11403 79
11404 619
11405 79
11406 255
11407 616
11408 62
11409 619
11410 79
11411 363
11412 79
11413 616
11414 620
11415 363
11416 346
11417 228
11418 619
11419 256
11420 432
11421 62
11422 616
11423 621
11424 611
11425 187
11426 10
11427 346
11428 55
11429 79
11430 617
11431 33
11432 10
11433 10
11434 10
11435 616
11436 259
11437 621
11438 363
11439 256
11440 617
11441 50
11442 101
11443 346
11444 10
11445 55
11446 249
11447 619
11448 620
11449 79
11450 79
11451 616
11452 620
11453 621
11454 617
11455 621
11456 617
11457 363
11458 621
11459 79
11460 620
11461 363
11462 346
11463 346
11464 346
11465 62
11466 616
11467 621
11468 616
11469 621
11470 619
11471 621
11472 621
11473 620
11474 79
11475 101
11476 79
11477 100
11478 616
11479 79
11480 626
11481 617
11482 621
11483 228
11484 621
11485 617
11486 616
11487 620
11488 79
11489 228
11490 616
11491 619
11492 256
11493 79
11494 10
11495 101
11496 620
11497 617
11498 619
11499 621
11500 38
11501 621
11502 79
11503 616
11504 621
11505 101
11506 619
11507 616
11508 79
11509 617
11510 620
11511 620
11512 620
11513 79
11514 427
11515 626
11516 620
11517 619
11518 363
11519 79
11520 617
11521 355
11522 657
11523 621
11524 621
11525 616
11526 119
11527 621
11528 249
11529 617
11530 79
11531 621
11532 62
11533 79
11534 363
11535 249
11536 621
11537 616
11538 363
11539 620
11540 55
11541 79
11542 10
11543 621
11544 611
11545 621
11546 616
11547 657
11548 79
11549 620
11550 621
11551 10
11552 617
11553 432
11554 617
11555 55
11556 79
11557 626
11558 346
11559 616
11560 38
11561 620
11562 228
11563 625
11564 79
11565 79
11566 360
11567 616
11568 616
11569 616
11570 62
11571 616
11572 525
11573 346
11574 621
11575 363
11576 611
11577 346
11578 79
11579 235
11580 363
11581 616
11582 79
11583 617
11584 346
11585 79
11586 79
11587 617
11588 363
11589 101
11590 621
11591 346
11592 616
11593 620
11594 626
11595 346
11596 79
11597 617
11598 616
11599 619
11600 626
11601 55
11602 611
11603 62
11604 363
11605 617
11606 617
11607 79
11608 621
11609 621
11610 79
11611 249
11612 55
11613 621
11614 621
11615 617
11616 621
11617 617
11618 79
11619 617
11620 619
11621 626
11622 617
11623 616
11624 10
11625 617
11626 79
11627 621
11628 626
11629 611
11630 621
11631 346
11632 620
11633 620
11634 363
11635 36
11636 101
11637 621
11638 626
11639 355
11640 79
11641 256
11642 621
11643 616
11644 55
11645 10
11646 619
11647 79
11648 346
11649 79
11650 620
11651 101
11652 619
11653 616
11654 611
11655 617
11656 617
11657 73
11658 621
11659 621
11660 79
11661 79
11662 621
11663 62
11664 10
11665 619
11666 611
11667 616
11668 620
11669 79
11670 616
11671 617
11672 79
11673 616
11674 79
11675 626
11676 363
11677 187
11678 346
11679 62
11680 187
11681 10
11682 363
11683 10
11684 621
11685 62
11686 346
11687 619
11688 616
11689 79
11690 617
11691 616
11692 616
11693 228
11694 611
11695 611
11696 616
11697 617
11698 617
11699 66
11700 79
11701 621
11702 79
11703 611
11704 621
11705 363
11706 616
11707 617
11708 79
11709 616
11710 363
11711 616
11712 617
11713 62
11714 617
11715 620
11716 616
11717 616
11718 619
11719 432
11720 621
11721 79
11722 100
11723 256
11724 615
11725 79
11726 619
11727 620
11728 617
11729 619
11730 10
11731 616
11732 616
11733 619
11734 621
11735 621
11736 616
11737 621
11738 432
11739 79
11740 616
11741 617
11742 617
11743 378
11744 79
11745 617
11746 619
11747 621
11748 62
11749 616
11750 616
11751 611
11752 620
11753 619
11754 79
11755 79
11756 346
11757 621
11758 616
11759 79
11760 611
11761 621
11762 10
11763 363
11764 101
11765 621
11766 79
11767 101
11768 101
11769 621
11770 10
11771 619
11772 616
11773 617
11774 616
11775 626
11776 619
11777 79
11778 376
11779 617
11780 363
11781 121
11782 432
11783 187
11784 616
11785 621
11786 617
11787 620
11788 619
11789 79
11790 626
11791 432
11792 100
11793 10
11794 611
11795 620
11796 346
11797 620
11798 346
11799 355
11800 616
11801 115
11802 252
11803 346
11804 10
11805 79
11806 621
11807 432
11808 626
11809 79
11810 79
11811 62
11812 62
11813 620
11814 79
11815 621
11816 79
11817 625
11818 621
11819 617
11820 617
11821 101
11822 115
11823 619
11824 620
11825 616
11826 62
11827 346
11828 256
11829 621
11830 79
11831 620
11832 79
11833 621
11834 619
11835 620
11836 626
11837 621
11838 256
11839 621
11840 611
11841 79
11842 79
11843 187
11844 100
11845 621
11846 626
11847 363
11848 621
11849 101
11850 79
11851 616
11852 101
11853 621
11854 10
11855 79
11856 619
11857 15
11858 617
11859 79
11860 616
11861 616
11862 621
11863 617
11864 616
11865 611
11866 616
11867 619
11868 621
11869 621
11870 346
11871 62
11872 79
11873 79
11874 73
11875 79
11876 79
11877 187
11878 621
11879 249
11880 620
11881 101
11882 10
11883 62
11884 278
11885 79
11886 101
11887 617
11888 621
11889 619
11890 363
11891 617
11892 79
11893 79
11894 79
11895 616
11896 615
11897 100
11898 619
11899 101
11900 355
11901 621
11902 10
11903 187
11904 626
11905 79
11906 616
11907 626
11908 79
11909 346
11910 79
11911 256
11912 619
11913 10
11914 101
11915 10
11916 10
11917 595
11918 619
11919 617
11920 79
11921 621
11922 619
11923 621
11924 10
11925 620
11926 346
11927 79
11928 228
11929 621
11930 79
11931 620
11932 620
11933 79
11934 616
11935 79
11936 617
11937 100
11938 346
11939 79
11940 100
11941 621
11942 621
11943 616
11944 346
11945 62
11946 363
11947 79
11948 621
11949 621
11950 100
11951 619
11952 616
11953 101
11954 10
11955 621
11956 79
11957 10
11958 616
11959 617
11960 79
11961 621
11962 621
11963 621
11964 616
11965 346
11966 55
11967 101
11968 617
11969 38
11970 100
11971 79
11972 616
11973 619
11974 621
11975 79
11976 616
11977 616
11978 619
11979 79
11980 621
11981 619
11982 621
11983 617
11984 621
11985 620
11986 617
11987 79
11988 187
11989 249
11990 255
11991 621
11992 252
11993 346
11994 363
11995 617
11996 79
11997 621
11998 79
11999 62
12000 10
12001 10
12002 187
12003 346
12004 617
12005 621
12006 620
12007 625
12008 10
12009 79
12010 79
12011 620
12012 346
12013 79
12014 620
12015 55
12016 621
12017 79
12018 617
12019 621
12020 616
12021 616
12022 626
12023 616
12024 62
12025 255
12026 617
12027 79
12028 346
12029 363
12030 363
12031 621
12032 346
12033 79
12034 617
12035 616
12036 79
12037 10
12038 616
12039 10
12040 621
12041 62
12042 101
12043 346
12044 79
12045 79
12046 617
12047 10
12048 617
12049 621
12050 79
12051 620
12052 79
12053 346
12054 611
12055 79
12056 10
12057 55
12058 616
12059 611
12060 79
12061 79
12062 616
12063 621
12064 616
12065 626
12066 617
12067 621
12068 79
12069 62
12070 617
12071 363
12072 101
12073 617
12074 79
12075 616
12076 621
12077 115
12078 363
12079 10
12080 346
12081 617
12082 255
12083 101
12084 249
12085 79
12086 616
12087 79
12088 79
12089 418
12090 432
12091 79
12092 363
12093 79
12094 187
12095 620
12096 616
12097 79
12098 79
12099 79
12100 616
12101 621
12102 616
12103 62
12104 617
12105 621
12106 100
12107 79
12108 619
12109 616
12110 259
12111 620
12112 256
12113 101
12114 616
12115 363
12116 10
12117 620
12118 101
12119 616
12120 626
12121 617
12122 620
12123 617
12124 617
12125 621
12126 616
12127 256
12128 617
12129 10
12130 79
12131 101
12132 621
12133 616
12134 616
12135 617
12136 617
12137 616
12138 79
12139 228
12140 617
12141 249
12142 616
12143 79
12144 620
12145 79
12146 363
12147 616
12148 616
12149 363
12150 616
12151 621
12152 79
12153 363
12154 621
12155 617
12156 346
12157 616
12158 616
12159 38
12160 79
12161 363
12162 363
12163 363
12164 101
12165 79
12166 621
12167 55
12168 617
12169 10
12170 363
12171 621
12172 101
12173 10
12174 55
12175 621
12176 55
12177 363
12178 79
12179 363
12180 616
12181 621
12182 363
12183 617
12184 79
12185 621
12186 619
12187 617
12188 346
12189 346
12190 363
12191 620
12192 617
12193 621
12194 617
12195 620
12196 621
12197 101
12198 346
12199 346
12200 616
12201 79
12202 621
12203 79
12204 617
12205 79
12206 617
12207 620
12208 79
12209 79
12210 79
12211 378
12212 616
12213 363
12214 620
12215 616
12216 621
12217 363
12218 101
12219 79
12220 617
12221 346
12222 616
12223 100
12224 619
12225 79
12226 616
12227 101
12228 617
12229 611
12230 621
12231 79
12232 617
12233 79
12234 620
12235 619
12236 617
12237 621
12238 616
12239 79
12240 363
12241 346
12242 616
12243 621
12244 79
12245 79
12246 79
12247 620
12248 621
12249 621
12250 619
12251 79
12252 228
12253 626
12254 616
12255 10
12256 617
12257 616
12258 10
12259 101
12260 616
12261 346
12262 617
12263 346
12264 244
12265 355
12266 100
12267 10
12268 79
12269 79
12270 346
12271 79
12272 621
12273 616
12274 616
12275 100
12276 79
12277 620
12278 616
12279 228
12280 621
12281 346
12282 363
12283 616
12284 79
12285 621
12286 101
12287 621
12288 617
12289 620
12290 626
12291 363
12292 100
12293 346
12294 617
12295 619
12296 346
12297 616
12298 10
12299 617
12300 626
12301 611
12302 346
12303 616
12304 621
12305 10
12306 363
12307 617
12308 616
12309 620
12310 53
12311 346
12312 55
12313 611
12314 363
12315 79
12316 619
12317 620
12318 525
12319 611
12320 100
12321 79
12322 55
12323 621
12324 79
12325 621
12326 79
12327 617
12328 616
12329 616
12330 346
12331 256
12332 617
12333 621
12334 346
12335 619
12336 621
12337 363
12338 621
12339 10
12340 228
12341 616
12342 611
12343 38
12344 621
12345 620
12346 619
12347 79
12348 79
12349 616
12350 79
12351 617
12352 62
12353 621
12354 621
12355 619
12356 616
12357 617
12358 621
12359 611
12360 621
12361 619
12362 79
12363 617
12364 621
12365 621
12366 10
12367 620
12368 79
12369 79
12370 101
12371 620
12372 616
12373 79
12374 79
12375 621
12376 100
12377 79
12378 617
12379 611
12380 617
12381 621
12382 620
12383 10
12384 10
12385 363
12386 621
12387 187
12388 616
12389 100
12390 617
12391 626
12392 619
12393 363
12394 616
12395 616
12396 363
12397 252
12398 100
12399 621
12400 363
12401 621
12402 620
12403 617
12404 10
12405 619
12406 611
12407 101
12408 620
12409 621
12410 79
12411 620
12412 616
12413 363
12414 100
12415 620
12416 621
12417 616
12418 620
12419 620
12420 621
12421 620
12422 79
12423 363
12424 621
12425 621
12426 620
12427 621
12428 101
12429 617
12430 621
12431 616
12432 617
12433 620
12434 101
12435 73
12436 363
12437 621
12438 621
12439 616
12440 10
12441 621
12442 616
12443 10
12444 73
12445 79
12446 10
12447 621
12448 621
12449 621
12450 346
12451 621
12452 617
12453 79
12454 79
12455 79
12456 620
12457 187
12458 619
12459 626
12460 621
12461 79
12462 363
12463 79
12464 621
12465 346
12466 62
12467 616
12468 62
12469 611
12470 79
12471 79
12472 620
12473 101
12474 621
12475 62
12476 363
12477 55
12478 187
12479 346
12480 616
12481 619
12482 346
12483 621
12484 617
12485 73
12486 100
12487 100
12488 187
12489 228
12490 79
12491 79
12492 617
12493 79
12494 616
12495 101
12496 616
12497 620
12498 616
12499 62
12500 616
12501 10
12502 256
12503 79
12504 620
12505 363
12506 10
12507 621
12508 621
12509 79
12510 100
12511 363
12512 619
12513 376
12514 616
12515 617
12516 38
12517 79
12518 249
12519 617
12520 621
12521 10
12522 228
12523 620
12524 619
12525 621
12526 621
12527 620
12528 619
12529 79
12530 256
12531 616
12532 619
12533 55
12534 616
12535 621
12536 79
12537 79
12538 621
12539 616
12540 79
12541 346
12542 620
12543 100
12544 616
12545 626
12546 619
12547 79
12548 79
12549 79
12550 432
12551 100
12552 79
12553 10
12554 79
12555 363
12556 346
12557 79
12558 620
12559 79
12560 363
12561 10
12562 100
12563 10
12564 79
12565 619
12566 100
12567 611
12568 621
12569 79
12570 79
12571 79
12572 617
12573 619
12574 101
12575 10
12576 626
12577 616
12578 620
12579 616
12580 10
12581 616
12582 617
12583 79
12584 620
12585 616
12586 617
12587 617
12588 617
12589 363
12590 10
12591 62
12592 621
12593 611
12594 363
12595 346
12596 616
12597 79
12598 617
12599 10
12600 355
12601 617
12602 662
12603 346
12604 346
12605 620
12606 616
12607 79
12608 363
12609 79
12610 621
12611 619
12612 346
12613 620
12614 619
12615 619
12616 617
12617 621
12618 617
12619 611
12620 617
12621 611
12622 346
12623 621
12624 256
12625 621
12626 363
12627 620
12628 432
12629 79
12630 79
12631 79
12632 616
12633 621
12634 432
12635 621
12636 79
12637 619
12638 620
12639 616
12640 79
12641 10
12642 616
12643 619
12644 621
12645 363
12646 616
12647 256
12648 79
12649 621
12650 228
12651 73
12652 256
12653 611
12654 611
12655 100
12656 346
12657 616
12658 620
12659 620
12660 79
12661 621
12662 620
12663 620
12664 621
12665 616
12666 346
12667 621
12668 79
12669 79
12670 617
12671 79
12672 616
12673 616
12674 278
12675 620
12676 79
12677 10
12678 619
12679 363
12680 62
12681 621
12682 617
12683 79
12684 616
12685 619
12686 363
12687 363
12688 617
12689 626
12690 616
12691 611
12692 249
12693 619
12694 617
12695 79
12696 363
12697 611
12698 249
12699 616
12700 79
12701 617
12702 363
12703 249
12704 101
12705 621
12706 432
12707 619
12708 617
12709 620
12710 616
12711 79
12712 10
12713 619
12714 617
12715 10
12716 10
12717 616
12718 621
12719 617
12720 256
12721 79
12722 616
12723 626
12724 79
12725 363
12726 79
12727 79
12728 620
12729 249
12730 619
12731 621
12732 363
12733 62
12734 626
12735 619
12736 100
12737 79
12738 619
12739 79
12740 620
12741 10
12742 346
12743 79
12744 621
12745 73
12746 621
12747 620
12748 55
12749 10
12750 617
12751 615
12752 617
12753 617
12754 79
12755 621
12756 79
12757 249
12758 621
12759 363
12760 10
12761 621
12762 79
12763 228
12764 621
12765 616
12766 621
12767 616
12768 617
12769 228
12770 187
12771 617
12772 79
12773 621
12774 620
12775 79
12776 79
12777 619
12778 616
12779 621
12780 620
12781 515
12782 79
12783 346
12784 617
12785 616
12786 346
12787 101
12788 62
12789 616
12790 621
12791 620
12792 363
12793 617
12794 619
12795 363
12796 79
12797 620
12798 617
12799 10
12800 620
12801 616
12802 55
12803 616
12804 10
12805 617
12806 346
12807 620
12808 621
12809 62
12810 663
12811 363
12812 39
12813 617
12814 363
12815 62
12816 619
12817 79
12818 617
12819 33
12820 617
12821 617
12822 621
12823 617
12824 100
12825 346
12826 79
12827 617
12828 79
12829 62
12830 228
12831 358
12832 363
12833 62
12834 62
12835 621
12836 616
12837 626
12838 616
12839 611
12840 616
12841 346
12842 617
12843 617
12844 621
12845 79
12846 10
12847 621
12848 611
12849 427
12850 626
12851 10
12852 616
12853 427
12854 617
12855 363
12856 620
12857 617
12858 620
12859 79
12860 79
12861 62
12862 619
12863 621
12864 79
12865 10
12866 621
12867 621
12868 620
12869 101
12870 33
12871 620
12872 363
12873 79
12874 620
12875 79
12876 616
12877 363
12878 615
12879 62
12880 620
12881 38
12882 62
12883 616
12884 101
12885 616
12886 621
12887 621
12888 626
12889 616
12890 616
12891 595
12892 363
12893 432
12894 616
12895 432
12896 617
12897 626
12898 249
12899 346
12900 79
12901 611
12902 619
12903 256
12904 617
12905 621
12906 616
12907 617
12908 621
12909 621
12910 228
12911 10
12912 621
12913 363
12914 79
12915 256
12916 617
12917 619
12918 346
12919 79
12920 619
12921 256
12922 620
12923 617
12924 256
12925 363
12926 255
12927 621
12928 621
12929 79
12930 621
12931 79
12932 621
12933 79
12934 363
12935 617
12936 616
12937 617
12938 621
12939 55
12940 346
12941 378
12942 79
12943 101
12944 617
12945 100
12946 616
12947 621
12948 620
12949 617
12950 617
12951 432
12952 617
12953 79
12954 79
12955 79
12956 244
12957 346
12958 626
12959 616
12960 55
12961 79
12962 611
12963 616
12964 621
12965 62
12966 621
12967 187
12968 79
12969 79
12970 620
12971 10
12972 10
12973 616
12974 616
12975 346
12976 79
12977 346
12978 620
12979 115
12980 79
12981 79
12982 79
12983 55
12984 79
12985 611
12986 621
12987 616
12988 621
12989 616
12990 10
12991 616
12992 620
12993 616
12994 617
12995 617
12996 621
12997 79
12998 432
12999 616
13000 621
13001 432
13002 100
13003 79
13004 79
13005 616
13006 611
13007 616
13008 79
13009 619
13010 79
13011 79
13012 620
13013 101
13014 621
13015 620
13016 79
13017 79
13018 620
13019 621
13020 101
13021 346
13022 101
13023 617
13024 621
13025 616
13026 346
13027 79
13028 626
13029 617
13030 10
13031 620
13032 617
13033 79
13034 620
13035 79
13036 621
13037 621
13038 617
13039 79
13040 363
13041 617
13042 621
13043 616
13044 187
13045 616
13046 616
13047 621
13048 611
13049 626
13050 620
13051 432
13052 55
13053 621
13054 10
13055 79
13056 10
13057 363
13058 611
13059 249
13060 611
13061 626
13062 617
13063 79
13064 101
13065 79
13066 249
13067 55
13068 79
13069 620
13070 617
13071 79
13072 616
13073 38
13074 617
13075 432
13076 79
13077 621
13078 79
13079 101
13080 620
13081 621
13082 363
13083 619
13084 621
13085 611
13086 101
13087 626
13088 611
13089 621
13090 79
13091 62
13092 616
13093 619
13094 79
13095 14
13096 611
13097 346
13098 256
13099 616
13100 617
13101 621
13102 79
13103 611
13104 79
13105 363
13106 611
13107 346
13108 103
13109 79
13110 79
13111 115
13112 346
13113 79
13114 249
13115 616
13116 346
13117 79
13118 79
13119 619
13120 101
13121 10
13122 10
13123 228
13124 616
13125 619
13126 616
13127 617
13128 621
13129 616
13130 621
13131 616
13132 611
13133 255
13134 621
13135 617
13136 346
13137 616
13138 101
13139 617
13140 363
13141 79
13142 346
13143 616
13144 617
13145 346
13146 363
13147 621
13148 363
13149 617
13150 621
13151 2
13152 79
13153 256
13154 617
13155 79
13156 617
13157 10
13158 616
13159 619
13160 62
13161 43
13162 79
13163 79
13164 616
13165 621
13166 278
13167 363
13168 616
13169 50
13170 620
13171 621
13172 617
13173 228
13174 616
13175 616
13176 101
13177 611
13178 346
13179 115
13180 626
13181 363
13182 616
13183 621
13184 187
13185 617
13186 620
13187 617
13188 620
13189 432
13190 79
13191 611
13192 187
13193 101
13194 79
13195 620
13196 256
13197 79
13198 616
13199 626
13200 79
13201 621
13202 79
13203 616
13204 79
13205 363
13206 10
13207 617
13208 616
13209 79
13210 79
13211 346
13212 616
13213 616
13214 363
13215 620
13216 616
13217 617
13218 616
13219 346
13220 620
13221 621
13222 228
13223 79
13224 363
13225 616
13226 79
13227 616
13228 617
13229 616
13230 2
13231 62
13232 363
13233 100
13234 363
13235 626
13236 621
13237 79
13238 617
13239 621
13240 626
13241 79
13242 79
13243 432
13244 616
13245 79
13246 619
13247 621
13248 55
13249 363
13250 620
13251 10
13252 10
13253 616
13254 432
13255 616
13256 79
13257 626
13258 10
13259 249
13260 79
13261 617
13262 621
13263 79
13264 619
13265 619
13266 634
13267 664
13268 439
13269 634
13270 16
13271 665
13272 666
13273 49
13274 93
13275 667
13276 2
13277 75
13278 634
