24661 256
24662 517
24663 101
24664 256
24665 256
24666 508
24667 1011
24668 256
24669 9
24670 256
24671 256
24672 508
24673 1046
24674 1011
24675 256
24676 1046
24677 256
24678 1011
24679 199
24680 1054
24681 684
24682 1048
24683 1011
24684 1011
24685 1011
24686 1011
24687 1011
24688 230
24689 228
24690 802
24691 1057
24692 256
24693 101
24694 1046
24695 1046
24696 983
24697 634
24698 8
24699 78
24700 594
24701 376
24702 95
24703 508
24704 253
24705 1011
24706 508
24707 29
24708 228
24709 1011
24710 95
24711 250
24712 95
24713 256
24714 1011
24715 1046
24716 1011
24717 256
24718 224
24719 256
24720 1011
24721 95
24722 1046
24723 730
24724 256
24725 224
24726 634
24727 1011
24728 802
24729 870
24730 1011
24731 1011
24732 48
24733 1057
24734 684
24735 95
24736 93
24737 256
24738 1011
24739 1011
24740 256
24741 508
24742 1046
24743 634
24744 256
24745 1054
24746 956
24747 1170
24748 1055
24749 1046
24750 256
24751 1176
24752 256
24753 1046
24754 9
24755 1011
24756 228
24757 95
24758 508
24759 802
24760 517
24761 1011
24762 1011
24763 1011
24764 508
24765 1011
24766 256
24767 350
24768 256
24769 508
24770 1054
24771 1057
24772 1011
24773 1011
24774 1011
24775 256
24776 517
24777 1011
24778 1011
24779 95
24780 1011
24781 95
24782 634
24783 677
24784 256
24785 256
24786 508
24787 1011
24788 161
24789 508
24790 243
24791 508
24792 256
24793 1011
24794 730
24795 350
24796 256
24797 55
24798 1058
24799 1011
24800 256
24801 1046
24802 1048
24803 983
24804 95
24805 1011
24806 1011
24807 370
24808 259
24809 256
24810 634
24811 256
24812 1046
24813 228
24814 2
24815 677
24816 256
24817 517
24818 256
24819 95
24820 250
24821 256
24822 517
24823 730
24824 1046
24825 730
24826 634
24827 1054
24828 1046
24829 802
24830 79
24831 1011
24832 95
24833 508
24834 1057
24835 95
24836 95
24837 1011
24838 1011
24839 684
24840 256
24841 95
24842 95
24843 634
24844 95
24845 1011
24846 1011
24847 1011
24848 1011
24849 508
24850 1011
24851 101
24852 1011
24853 101
24854 684
24855 508
24856 101
24857 1011
24858 1011
24859 256
24860 634
24861 256
24862 1011
24863 634
24864 517
24865 256
24866 1011
24867 1011
24868 1064
24869 1011
24870 508
24871 95
24872 1011
24873 1011
24874 256
24875 1011
24876 95
24877 256
24878 256
24879 95
24880 256
24881 95
24882 673
24883 9
24884 1057
24885 256
24886 256
24887 1046
24888 256
24889 1065
24890 673
24891 1011
24892 508
24893 1011
24894 517
24895 1011
24896 79
24897 1046
24898 1011
24899 1011
24900 101
24901 1011
24902 1011
24903 634
24904 508
24905 1011
24906 1054
24907 350
24908 634
24909 1011
24910 1057
24911 79
24912 1046
24913 1044
24914 256
24915 508
24916 256
24917 1011
24918 256
24919 48
24920 256
24921 508
24922 802
24923 1057
24924 1011
24925 256
24926 256
24927 1054
24928 256
24929 1011
24930 256
24931 1046
24932 256
24933 1044
24934 256
24935 508
24936 1011
24937 983
24938 79
24939 256
24940 1011
24941 1058
24942 95
24943 62
24944 634
24945 1011
24946 508
24947 256
24948 250
24949 256
24950 1067
24951 101
24952 1177
24953 634
24954 256
24955 256
24956 684
24957 95
24958 1046
24959 256
24960 1011
24961 1011
24962 1178
24963 599
24964 634
24965 517
24966 95
24967 256
24968 983
24969 256
24970 79
24971 256
24972 256
24973 1046
24974 502
24975 256
24976 256
24977 634
24978 1011
24979 39
24980 1011
24981 95
24982 256
24983 1011
24984 634
24985 1011
24986 256
24987 1048
24988 256
24989 1011
24990 508
24991 634
24992 634
24993 1046
24994 256
24995 243
24996 1046
24997 731
24998 256
24999 101
25000 1011
25001 1046
25002 256
25003 1011
25004 730
25005 1011
25006 1011
25007 95
25008 1011
25009 1011
25010 508
25011 1057
25012 79
25013 256
25014 48
25015 95
25016 1011
25017 508
25018 18
25019 101
25020 55
25021 1046
25022 256
25023 517
25024 1067
25025 634
25026 1046
25027 1011
25028 1011
25029 1044
25030 256
25031 361
25032 517
25033 350
25034 508
25035 95
25036 1011
25037 508
25038 95
25039 1058
25040 1054
25041 684
25042 1011
25043 1011
25044 256
25045 256
25046 1011
25047 1011
25048 224
25049 363
25050 1011
25051 370
25052 1046
25053 508
25054 1046
25055 1011
25056 594
25057 870
25058 224
25059 9
25060 256
25061 956
25062 1046
25063 1046
25064 79
25065 517
25066 684
25067 508
25068 1011
25069 1046
25070 684
25071 1046
25072 256
25073 1046
25074 256
25075 508
25076 1057
25077 97
25078 8
25079 1055
25080 69
25081 634
25082 634
25083 1046
25084 1064
25085 508
25086 46
25087 1011
25088 256
25089 256
25090 1072
25091 1046
25092 1011
25093 79
25094 1011
25095 1046
25096 1011
25097 350
25098 1048
25099 1046
25100 1011
25101 1011
25102 634
25103 983
25104 1058
25105 256
25106 1011
25107 256
25108 95
25109 634
25110 634
25111 1057
25112 1179
25113 1058
25114 256
25115 1011
25116 1058
25117 9
25118 101
25119 95
25120 95
25121 256
25122 256
25123 95
25124 1011
25125 256
25126 956
25127 226
25128 256
25129 1011
25130 256
25131 1011
25132 243
25133 517
25134 1011
25135 517
25136 634
25137 1011
25138 1048
25139 673
25140 9
25141 1046
25142 1011
25143 1048
25144 256
25145 1046
25146 6
25147 256
25148 1046
25149 95
25150 40
25151 256
25152 256
25153 1046
25154 244
25155 634
25156 17
25157 79
25158 1044
25159 350
25160 95
25161 1046
25162 731
25163 1046
25164 956
25165 228
25166 259
25167 1011
25168 673
25169 634
25170 634
25171 256
25172 1048
25173 1048
25174 1046
25175 256
25176 1011
25177 224
25178 350
25179 256
25180 228
25181 982
25182 802
25183 256
25184 101
25185 1011
25186 9
25187 1011
25188 1011
25189 1011
25190 259
25191 1011
25192 256
25193 1011
25194 9
25195 256
25196 95
25197 1072
25198 730
25199 256
25200 350
25201 1011
25202 256
25203 95
25204 256
25205 1046
25206 1011
25207 634
25208 634
25209 508
25210 256
25211 1046
25212 1011
25213 95
25214 730
25215 363
25216 983
25217 517
25218 634
25219 1011
25220 256
25221 1011
25222 1046
25223 1011
25224 517
25225 1011
25226 224
25227 956
25228 256
25229 256
25230 256
25231 634
25232 508
25233 431
25234 256
25235 256
25236 95
25237 1046
25238 256
25239 956
25240 517
25241 256
25242 508
25243 256
25244 1046
25245 1046
25246 256
25247 634
25248 1011
25249 1046
25250 1054
25251 1011
25252 101
25253 256
25254 1046
25255 1046
25256 350
25257 1057
25258 256
25259 62
25260 256
25261 1011
25262 508
25263 1011
25264 621
25265 228
25266 1046
25267 95
25268 244
25269 256
25270 1057
25271 256
25272 7
25273 256
25274 256
25275 1011
25276 1011
25277 256
25278 1054
25279 1046
25280 1011
25281 1011
25282 256
25283 1054
25284 39
25285 1011
25286 1011
25287 673
25288 1054
25289 256
25290 95
25291 256
25292 1011
25293 95
25294 1011
25295 256
25296 256
25297 256
25298 1046
25299 259
25300 594
25301 256
25302 1046
25303 634
25304 1054
25305 95
25306 634
25307 1011
25308 1057
25309 9
25310 256
25311 256
25312 121
25313 1057
25314 95
25315 1055
25316 508
25317 256
25318 1011
25319 95
25320 1044
25321 1046
25322 376
25323 256
25324 256
25325 1011
25326 508
25327 508
25328 256
25329 956
25330 508
25331 95
25332 684
25333 1011
25334 1011
25335 1048
25336 1072
25337 517
25338 256
25339 1046
25340 39
25341 508
25342 508
25343 1011
25344 923
25345 1057
25346 95
25347 1011
25348 517
25349 1046
25350 1011
25351 256
25352 256
25353 95
25354 923
25355 95
25356 1048
25357 594
25358 1011
25359 224
25360 55
25361 95
25362 634
25363 1011
25364 517
25365 256
25366 508
25367 8
25368 1048
25369 1046
25370 634
25371 1046
25372 62
25373 634
25374 95
25375 508
25376 256
25377 256
25378 378
25379 1046
25380 1011
25381 508
25382 376
25383 508
25384 228
25385 79
25386 256
25387 256
25388 1046
25389 256
25390 9
25391 199
25392 256
25393 230
25394 256
25395 517
25396 1044
25397 101
25398 8
25399 1011
25400 1048
25401 508
25402 684
25403 1067
25404 1046
25405 1011
25406 256
25407 517
25408 1011
25409 256
25410 376
25411 95
25412 228
25413 1054
25414 1011
25415 256
25416 684
25417 1057
25418 256
25419 95
25420 1011
25421 508
25422 1011
25423 1054
25424 634
25425 1046
25426 1067
25427 1011
25428 256
25429 517
25430 95
25431 256
25432 634
25433 1048
25434 1046
25435 95
25436 228
25437 1011
25438 1011
25439 25
25440 350
25441 1046
25442 256
25443 95
25444 1011
25445 256
25446 35
25447 28
25448 256
25449 256
25450 350
25451 1011
25452 634
25453 259
25454 44
25455 228
25456 1011
25457 1046
25458 1048
25459 256
25460 256
25461 1046
25462 95
25463 256
25464 18
25465 256
25466 1046
25467 1044
25468 95
25469 634
25470 224
25471 1011
25472 1067
25473 256
25474 1011
25475 95
25476 508
25477 95
25478 1048
25479 1048
25480 634
25481 1011
25482 1180
25483 1011
25484 256
25485 983
25486 1011
25487 95
25488 1011
25489 256
25490 256
25491 684
25492 101
25493 8
25494 101
25495 256
25496 101
25497 256
25498 1046
25499 1055
25500 95
25501 1048
25502 1011
25503 256
25504 1011
25505 1046
25506 508
25507 1011
25508 1048
25509 684
25510 256
25511 256
25512 93
25513 256
25514 1011
25515 1011
25516 508
25517 95
25518 95
25519 1011
25520 1011
25521 256
25522 95
25523 256
25524 256
25525 1046
25526 256
25527 730
25528 508
25529 256
25530 376
25531 256
25532 1011
25533 1181
25534 1048
25535 256
25536 517
25537 508
25538 1011
25539 95
25540 508
25541 1011
25542 634
25543 508
25544 1046
25545 1046
25546 95
25547 256
25548 1011
25549 256
25550 101
25551 8
25552 508
25553 79
25554 256
25555 1067
25556 956
25557 95
25558 517
25559 88
25560 1011
25561 634
25562 1011
25563 256
25564 1011
25565 256
25566 95
25567 634
25568 508
25569 256
25570 1057
25571 634
25572 1011
25573 256
25574 256
25575 350
25576 684
25577 1011
25578 256
25579 956
25580 983
25581 40
25582 376
25583 256
25584 376
25585 1057
25586 684
25587 634
25588 983
25589 1011
25590 1011
25591 256
25592 517
25593 684
25594 256
25595 1046
25596 1011
25597 508
25598 508
25599 256
25600 1057
25601 256
25602 256
25603 1046
25604 1011
25605 95
25606 256
25607 1011
25608 78
25609 1046
25610 508
25611 95
25612 923
25613 1046
25614 350
25615 256
25616 74
25617 680
25618 95
25619 634
25620 508
25621 634
25622 256
25623 350
25624 95
25625 634
25626 1011
25627 1182
25628 256
25629 95
25630 95
25631 634
25632 731
25633 517
25634 1011
25635 1011
25636 9
25637 95
25638 1046
25639 256
25640 594
25641 1011
25642 730
25643 256
25644 1011
25645 79
25646 88
25647 256
25648 1011
25649 230
25650 256
25651 1011
25652 1048
25653 1058
25654 1046
25655 256
25656 256
25657 1046
25658 508
25659 517
25660 95
25661 256
25662 730
25663 230
25664 95
25665 228
25666 956
25667 508
25668 508
25669 508
25670 1057
25671 256
25672 95
25673 634
25674 1011
25675 731
25676 1011
25677 684
25678 1011
25679 95
25680 370
25681 256
25682 278
25683 1011
25684 1011
25685 634
25686 634
25687 1011
25688 79
25689 1046
25690 802
25691 508
25692 95
25693 8
25694 95
25695 199
25696 256
25697 256
25698 1057
25699 1011
25700 9
25701 40
25702 256
25703 95
25704 508
25705 256
25706 1046
25707 956
25708 1011
25709 256
25710 1011
25711 33
25712 508
25713 508
25714 101
25715 256
25716 256
25717 95
25718 256
25719 1011
25720 1011
25721 1048
25722 1055
25723 983
25724 1046
25725 1011
25726 256
25727 684
25728 256
25729 517
25730 95
25731 1048
25732 350
25733 101
25734 517
25735 256
25736 517
25737 1011
25738 1011
25739 95
25740 2
25741 228
25742 199
25743 517
25744 95
25745 1048
25746 1046
25747 256
25748 1057
25749 256
25750 101
25751 983
25752 634
25753 256
25754 1011
25755 1046
25756 101
25757 1054
25758 1011
25759 95
25760 1183
25761 2
25762 1072
25763 508
25764 35
25765 378
25766 1046
25767 517
25768 1058
25769 634
25770 1055
25771 256
25772 1048
25773 1011
25774 256
25775 1054
25776 256
25777 634
25778 1046
25779 634
25780 684
25781 508
25782 1046
25783 1011
25784 256
25785 508
25786 95
25787 1048
25788 256
25789 40
25790 256
25791 517
25792 1011
25793 1011
25794 1067
25795 634
25796 1011
25797 1046
25798 1011
25799 517
25800 1046
25801 418
25802 508
25803 228
25804 1011
25805 256
25806 673
25807 1046
25808 634
25809 1046
25810 95
25811 224
25812 1046
25813 1011
25814 256
25815 1072
25816 256
25817 1011
25818 256
25819 1011
25820 256
25821 256
25822 1011
25823 256
25824 1011
25825 256
25826 1011
25827 256
25828 517
25829 228
25830 95
25831 1057
25832 256
25833 1058
25834 1046
25835 1011
25836 256
25837 1011
25838 95
25839 95
25840 1046
25841 40
25842 684
25843 256
25844 731
25845 1048
25846 1046
25847 256
25848 256
25849 508
25850 517
25851 1046
25852 256
25853 1046
25854 1184
25855 1011
25856 508
25857 228
25858 983
25859 1048
25860 1046
25861 256
25862 1044
25863 1011
25864 1011
25865 256
25866 1011
25867 256
25868 256
25869 355
25870 923
25871 1185
25872 9
25873 256
25874 508
25875 1011
25876 256
25877 95
25878 1011
25879 256
25880 35
25881 616
25882 508
25883 1046
25884 923
25885 634
25886 256
25887 1046
25888 1011
25889 508
25890 508
25891 95
25892 256
25893 228
25894 1046
25895 256
25896 983
25897 69
25898 256
25899 1046
25900 256
25901 508
25902 1011
25903 731
25904 634
25905 684
25906 79
25907 256
25908 376
25909 256
25910 95
25911 1048
25912 1046
25913 1058
25914 594
25915 1011
25916 376
25917 508
25918 616
25919 95
25920 1046
25921 1011
25922 1048
25923 1011
25924 680
25925 1048
25926 79
25927 1046
25928 378
25929 1011
25930 508
25931 22
25932 508
25933 508
25934 1046
25935 634
25936 256
25937 256
25938 256
25939 1054
25940 1046
25941 256
25942 1186
25943 731
25944 1046
25945 1046
25946 1046
25947 517
25948 1011
25949 1046
25950 517
25951 256
25952 517
25953 1054
25954 363
25955 634
25956 1011
25957 256
25958 121
25959 256
25960 199
25961 634
25962 1046
25963 1011
25964 1011
25965 1046
25966 259
25967 1011
25968 1046
25969 508
25970 1011
25971 1048
25972 55
25973 1054
25974 1011
25975 983
25976 1048
25977 224
25978 594
25979 1011
25980 1046
25981 256
25982 28
25983 1046
25984 1011
25985 956
25986 79
25987 101
25988 1011
25989 101
25990 101
25991 802
25992 228
25993 101
25994 1054
25995 1011
25996 956
25997 1054
25998 199
25999 1011
26000 508
26001 1048
26002 95
26003 1011
26004 39
26005 350
26006 508
26007 1011
26008 1046
26009 69
26010 256
26011 1046
26012 101
26013 1011
26014 1046
26015 1011
26016 1011
26017 730
26018 256
26019 256
26020 95
26021 1011
26022 731
26023 1048
26024 517
26025 256
26026 256
26027 256
26028 1046
26029 1057
26030 1048
26031 1048
26032 1046
26033 634
26034 95
26035 101
26036 1011
26037 1044
26038 256
26039 1011
26040 1046
26041 95
26042 956
26043 256
26044 256
26045 256
26046 1048
26047 1046
26048 224
26049 256
26050 95
26051 517
26052 256
26053 1046
26054 256
26055 508
26056 634
26057 1011
26058 1011
26059 1048
26060 256
26061 95
26062 634
26063 1057
26064 256
26065 1046
26066 259
26067 1046
26068 1046
26069 95
26070 256
26071 1046
26072 256
26073 228
26074 1046
26075 1011
26076 684
26077 97
26078 508
26079 508
26080 256
26081 256
26082 802
26083 95
26084 1054
26085 508
26086 1046
26087 376
26088 594
26089 1046
26090 256
26091 256
26092 634
26093 95
26094 256
26095 508
26096 39
26097 1011
26098 1048
26099 1011
26100 517
26101 802
26102 1011
26103 259
26104 617
26105 1046
26106 802
26107 95
26108 1011
26109 95
26110 62
26111 256
26112 256
26113 1046
26114 256
26115 95
26116 1046
26117 256
26118 1046
26119 1046
26120 1011
26121 634
26122 673
26123 517
26124 100
26125 1054
26126 1011
26127 256
26128 1011
26129 1072
26130 101
26131 508
26132 634
26133 1046
26134 256
26135 1011
26136 48
26137 7
26138 983
26139 1054
26140 199
26141 224
26142 517
26143 1046
26144 508
26145 95
26146 243
26147 1046
26148 1046
26149 256
26150 101
26151 9
26152 256
26153 634
26154 355
26155 802
26156 1011
26157 1054
26158 1011
26159 1011
26160 97
26161 634
26162 256
26163 79
26164 79
26165 1011
26166 634
26167 517
26168 1187
26169 1188
26170 1046
26171 1048
26172 634
26173 376
26174 1046
26175 1048
26176 1189
26177 1011
26178 508
26179 1011
26180 256
26181 923
26182 634
26183 95
26184 1011
26185 355
26186 256
26187 228
26188 1011
26189 256
26190 216
26191 517
26192 1011
26193 1054
26194 256
26195 230
26196 256
26197 1011
26198 256
26199 256
26200 1011
26201 256
26202 508
26203 256
26204 634
26205 256
26206 1048
26207 1058
26208 1058
26209 982
26210 79
26211 1011
26212 517
26213 256
26214 517
26215 1054
26216 1046
26217 256
26218 256
26219 1048
26220 1011
26221 956
26222 1046
26223 634
26224 256
26225 1011
26226 1057
26227 256
26228 28
26229 79
26230 256
26231 256
26232 35
26233 1011
26234 508
26235 256
26236 508
26237 1044
26238 256
26239 256
26240 256
26241 256
26242 1046
26243 1046
26244 256
26245 1011
26246 101
26247 517
26248 1011
26249 634
26250 228
26251 95
26252 730
26253 1011
26254 1011
26255 517
26256 508
26257 1011
26258 1048
26259 1048
26260 983
26261 1011
26262 79
26263 1046
26264 517
26265 1048
26266 508
26267 634
26268 55
26269 350
26270 1048
26271 9
26272 79
26273 1046
26274 256
26275 221
26276 1011
26277 1011
26278 95
26279 253
26280 1011
26281 256
26282 256
26283 1011
26284 1046
26285 983
26286 256
26287 55
26288 95
26289 256
26290 1011
26291 8
26292 256
26293 256
26294 1054
26295 730
26296 1011
26297 79
26298 508
26299 517
26300 1011
26301 101
26302 1011
26303 1011
26304 256
26305 1011
26306 256
26307 731
26308 673
26309 1011
26310 256
26311 256
26312 256
26313 256
26314 95
26315 256
26316 1065
26317 663
26318 956
26319 1046
26320 1046
26321 256
26322 79
26323 1011
26324 1057
26325 95
26326 508
26327 1054
26328 256
26329 1057
26330 1058
26331 230
26332 256
26333 256
26334 1011
26335 634
26336 634
26337 1067
26338 1011
26339 1011
26340 508
26341 74
26342 9
26343 1048
26344 1046
26345 1011
26346 376
26347 256
26348 1011
26349 256
26350 1011
26351 1048
26352 256
26353 256
26354 256
26355 1011
26356 256
26357 95
26358 1011
26359 9
26360 256
26361 588
26362 802
26363 1011
26364 256
26365 95
26366 508
26367 517
26368 1011
26369 95
26370 256
26371 256
26372 95
26373 1046
26374 256
26375 95
26376 79
26377 634
26378 376
26379 983
26380 673
26381 508
26382 1011
26383 634
26384 508
26385 1057
26386 1054
26387 1046
26388 1046
26389 508
26390 256
26391 31
26392 256
26393 1046
26394 95
26395 95
26396 35
26397 256
26398 101
26399 684
26400 101
26401 1011
26402 1011
26403 9
26404 1011
26405 256
26406 1046
26407 256
26408 1170
26409 508
26410 1011
26411 228
26412 508
26413 1011
26414 224
26415 1046
26416 95
26417 350
26418 730
26419 1048
26420 256
26421 256
26422 1046
26423 1011
26424 983
26425 956
26426 256
26427 1011
26428 730
26429 256
26430 14
26431 228
26432 256
26433 1054
26434 1011
26435 982
26436 1011
26437 983
26438 1011
26439 256
26440 256
26441 1011
26442 256
26443 673
26444 508
26445 1011
26446 256
26447 256
26448 1055
26449 95
26450 1011
26451 28
26452 1011
26453 1054
26454 256
26455 1011
26456 95
26457 1046
26458 256
26459 376
26460 95
26461 1011
26462 79
26463 256
26464 634
26465 95
26466 16
26467 508
26468 2
26469 1190
26470 256
26471 634
26472 224
26473 1046
26474 1046
26475 1046
26476 1011
26477 228
26478 40
26479 1011
26480 1011
26481 101
26482 95
26483 1011
26484 256
26485 517
26486 508
26487 508
26488 256
26489 256
26490 256
26491 1046
26492 802
26493 1057
26494 1011
26495 634
26496 634
26497 256
26498 684
26499 256
26500 1046
26501 1011
26502 956
26503 256
26504 1011
26505 634
26506 956
26507 256
26508 101
26509 1046
26510 350
26511 9
26512 517
26513 983
26514 1046
26515 256
26516 95
26517 230
26518 1046
26519 1046
26520 256
26521 256
26522 508
26523 1054
26524 517
26525 1011
26526 1048
26527 256
26528 1046
26529 376
26530 1191
26531 508
26532 1046
26533 278
26534 55
26535 1192
26536 1193
26537 1055
26538 228
26539 594
26540 256
26541 670
26542 1046
26543 346
26544 1194
26545 1195
26546 956
26547 1046
26548 246
26549 256
26550 1196
26551 1057
26552 517
26553 43
26554 246
26555 1197
26556 1198
26557 229
