18970 740
18971 425
18972 425
18973 646
18974 740
18975 788
18976 799
18977 788
18978 799
18979 799
18980 788
18981 788
18982 646
18983 799
18984 799
18985 646
18986 646
18987 740
18988 794
18989 655
18990 795
18991 646
18992 646
18993 646
18994 655
18995 646
18996 796
18997 740
18998 740
18999 655
19000 631
19001 740
19002 797
19003 646
19004 646
19005 425
19006 799
19007 425
19008 799
19009 740
19010 646
19011 788
19012 740
19013 788
19014 646
19015 646
19016 693
19017 799
19018 799
19019 740
19020 788
19021 425
19022 740
19023 740
19024 425
19025 693
19026 740
19027 740
19028 788
19029 631
19030 646
19031 740
19032 799
19033 740
19034 799
19035 425
19036 425
19037 788
19038 425
19039 693
19040 646
19041 425
19042 646
19043 646
19044 646
19045 693
19046 794
19047 799
19048 646
19049 655
19050 801
19051 425
19052 646
19053 693
19054 799
19055 655
19056 740
19057 425
19058 799
19059 796
19060 788
19061 794
19062 646
19063 740
19064 646
19065 740
19066 799
19067 740
19068 740
19069 799
19070 631
19071 348
19072 646
19073 803
19074 740
19075 740
19076 425
19077 788
19078 693
19079 425
19080 788
19081 646
19082 646
19083 655
19084 740
19085 788
19086 740
19087 646
19088 799
19089 740
19090 788
19091 740
19092 655
19093 740
19094 801
19095 655
19096 804
19097 646
19098 425
19099 646
19100 799
19101 740
19102 788
19103 740
19104 646
19105 693
19106 804
19107 740
19108 646
19109 693
19110 788
19111 799
19112 646
19113 690
19114 740
19115 799
19116 425
19117 740
19118 646
19119 740
19120 799
19121 799
19122 799
19123 799
19124 799
19125 799
19126 799
19127 740
19128 655
19129 788
19130 799
19131 655
19132 788
19133 646
19134 693
19135 794
19136 788
19137 734
19138 792
19139 799
19140 799
19141 655
19142 799
19143 740
19144 702
19145 740
19146 425
19147 646
19148 693
19149 655
19150 799
19151 788
19152 646
19153 740
19154 740
19155 646
19156 799
19157 799
19158 788
19159 788
19160 646
19161 799
19162 788
19163 425
19164 799
19165 788
19166 646
19167 646
19168 655
19169 646
19170 740
19171 693
19172 740
19173 646
19174 693
19175 646
19176 795
19177 799
19178 702
19179 788
19180 646
19181 796
19182 425
19183 693
19184 655
19185 788
19186 655
19187 646
19188 646
19189 796
19190 646
19191 425
19192 631
19193 740
19194 804
19195 788
19196 799
19197 788
19198 646
19199 788
19200 693
19201 799
19202 788
19203 702
19204 799
19205 740
19206 788
19207 740
19208 646
19209 425
19210 799
19211 425
19212 803
19213 693
19214 788
19215 740
19216 646
19217 425
19218 796
19219 799
19220 788
19221 799
19222 803
19223 693
19224 655
19225 646
19226 646
19227 631
19228 740
19229 803
19230 646
19231 425
19232 734
19233 740
19234 693
19235 646
19236 693
19237 646
19238 425
19239 740
19240 799
19241 693
19242 799
19243 796
19244 693
19245 799
19246 425
19247 803
19248 740
19249 646
19250 799
19251 655
19252 693
19253 646
19254 788
19255 799
19256 740
19257 646
19258 740
19259 804
19260 799
19261 788
19262 799
19263 646
19264 799
19265 809
19266 646
19267 801
19268 788
19269 425
19270 646
19271 788
19272 425
19273 788
19274 693
19275 646
19276 796
19277 646
19278 646
19279 646
19280 796
19281 740
19282 646
19283 646
19284 740
19285 631
19286 799
19287 646
19288 799
19289 646
19290 740
19291 788
19292 740
19293 788
19294 788
19295 740
19296 646
19297 693
19298 799
19299 646
19300 646
19301 794
19302 646
19303 425
19304 794
19305 799
19306 425
19307 734
19308 796
19309 693
19310 646
19311 425
19312 646
19313 646
19314 646
19315 693
19316 809
19317 693
19318 693
19319 740
19320 788
19321 425
19322 740
19323 655
19324 788
19325 804
19326 801
19327 799
19328 788
19329 799
19330 646
19331 425
19332 646
19333 740
19334 646
19335 799
19336 646
19337 799
19338 799
19339 740
19340 740
19341 693
19342 740
19343 693
19344 646
19345 740
19346 646
19347 655
19348 646
19349 646
19350 740
19351 425
19352 803
19353 693
19354 646
19355 425
19356 788
19357 740
19358 693
19359 740
19360 740
19361 799
19362 425
19363 646
19364 740
19365 799
19366 788
19367 788
19368 693
19369 740
19370 655
19371 693
19372 646
19373 655
19374 799
19375 425
19376 788
19377 646
19378 631
19379 788
19380 740
19381 655
19382 655
19383 809
19384 693
19385 646
19386 646
19387 646
19388 788
19389 693
19390 646
19391 740
19392 740
19393 425
19394 796
19395 646
19396 740
19397 425
19398 799
19399 804
19400 425
19401 740
19402 655
19403 693
19404 796
19405 740
19406 803
19407 799
19408 655
19409 425
19410 646
19411 425
19412 740
19413 425
19414 425
19415 740
19416 425
19417 740
19418 799
19419 425
19420 646
19421 740
19422 425
19423 646
19424 788
19425 646
19426 425
19427 799
19428 740
19429 646
19430 646
19431 788
19432 646
19433 693
19434 646
19435 646
19436 646
19437 646
19438 799
19439 655
19440 646
19441 655
19442 799
19443 425
19444 425
19445 646
19446 646
19447 740
19448 740
19449 799
19450 646
19451 788
19452 794
19453 646
19454 796
19455 740
19456 796
19457 646
19458 740
19459 693
19460 646
19461 646
19462 693
19463 740
19464 693
19465 788
19466 740
19467 799
19468 795
19469 740
19470 801
19471 799
19472 425
19473 425
19474 646
19475 693
19476 801
19477 637
19478 799
19479 796
19480 348
19481 740
19482 799
19483 788
19484 425
19485 425
19486 799
19487 631
19488 646
19489 646
19490 796
19491 799
19492 794
19493 646
19494 804
19495 799
19496 690
19497 646
19498 799
19499 794
19500 740
19501 788
19502 788
19503 799
19504 740
19505 646
19506 646
19507 425
19508 425
19509 740
19510 795
19511 740
19512 740
19513 799
19514 740
19515 788
19516 788
19517 796
19518 799
19519 794
19520 425
19521 631
19522 799
19523 646
19524 425
19525 799
19526 646
19527 348
19528 646
19529 799
19530 655
19531 803
19532 425
19533 799
19534 799
19535 788
19536 637
19537 425
19538 788
19539 788
19540 799
19541 740
19542 740
19543 740
19544 693
19545 693
19546 655
19547 803
19548 425
19549 425
19550 425
19551 693
19552 655
19553 809
19554 646
19555 799
19556 795
19557 631
19558 740
19559 740
19560 740
19561 796
19562 799
19563 693
19564 740
19565 788
19566 655
19567 799
19568 646
19569 646
19570 740
19571 646
19572 740
19573 425
19574 799
19575 693
19576 348
19577 646
19578 796
19579 788
19580 425
19581 646
19582 425
19583 646
19584 646
19585 788
19586 646
19587 646
19588 809
19589 693
19590 646
19591 740
19592 788
19593 646
19594 646
19595 740
19596 646
19597 795
19598 693
19599 740
19600 803
19601 646
19602 796
19603 693
19604 799
19605 796
19606 788
19607 631
19608 693
19609 425
19610 425
19611 788
19612 425
19613 646
19614 740
19615 740
19616 646
19617 646
19618 799
19619 655
19620 809
19621 740
19622 788
19623 425
19624 799
19625 693
19626 740
19627 809
19628 740
19629 788
19630 799
19631 799
19632 740
19633 425
19634 655
19635 799
19636 646
19637 740
19638 788
19639 646
19640 646
19641 693
19642 631
19643 646
19644 646
19645 631
19646 740
19647 788
19648 740
19649 425
19650 740
19651 646
19652 646
19653 425
19654 788
19655 646
19656 788
19657 646
19658 799
19659 799
19660 788
19661 646
19662 646
19663 740
19664 655
19665 740
19666 646
19667 740
19668 799
19669 740
19670 740
19671 646
19672 788
19673 788
19674 740
19675 740
19676 646
19677 794
19678 788
19679 655
19680 646
19681 796
19682 646
19683 740
19684 425
19685 740
19686 740
19687 788
19688 788
19689 425
19690 740
19691 740
19692 646
19693 646
19694 799
19695 740
19696 794
19697 740
19698 740
19699 796
19700 693
19701 702
19702 740
19703 799
19704 796
19705 799
19706 693
19707 804
19708 795
19709 646
19710 631
19711 788
19712 646
19713 740
19714 796
19715 425
19716 788
19717 425
19718 646
19719 799
19720 693
19721 740
19722 631
19723 740
19724 425
19725 646
19726 425
19727 655
19728 646
19729 799
19730 788
19731 788
19732 788
19733 740
19734 799
19735 646
19736 646
19737 425
19738 693
19739 809
19740 646
19741 740
19742 795
19743 646
19744 693
19745 693
19746 788
19747 740
19748 803
19749 796
19750 425
19751 646
19752 788
19753 655
19754 794
19755 425
19756 788
19757 646
19758 788
19759 788
19760 646
19761 788
19762 646
19763 740
19764 799
19765 796
19766 788
19767 646
19768 425
19769 740
19770 425
19771 646
19772 646
19773 799
19774 740
19775 788
19776 788
19777 795
19778 801
19779 425
19780 693
19781 799
19782 740
19783 788
19784 740
19785 646
19786 740
19787 631
19788 693
19789 740
19790 799
19791 646
19792 740
19793 788
19794 646
19795 803
19796 799
19797 788
19798 850
19799 646
19800 646
19801 740
19802 799
19803 794
19804 655
19805 646
19806 788
19807 740
19808 799
19809 425
19810 799
19811 799
19812 646
19813 740
19814 740
19815 740
19816 631
19817 740
19818 740
19819 646
19820 740
19821 788
19822 425
19823 796
19824 740
19825 425
19826 646
19827 655
19828 799
19829 740
19830 693
19831 646
19832 788
19833 799
19834 646
19835 788
19836 740
19837 425
19838 646
19839 804
19840 646
19841 646
19842 799
19843 788
19844 788
19845 646
19846 646
19847 693
19848 799
19849 788
19850 693
19851 788
19852 788
19853 740
19854 788
19855 788
19856 788
19857 425
19858 740
19859 693
19860 796
19861 788
19862 655
19863 799
19864 425
19865 788
19866 740
19867 646
19868 425
19869 646
19870 740
19871 796
19872 799
19873 425
19874 788
19875 799
19876 425
19877 799
19878 425
19879 799
19880 799
19881 425
19882 740
19883 801
19884 631
19885 740
19886 693
19887 740
19888 740
19889 740
19890 799
19891 799
19892 788
19893 803
19894 804
19895 740
19896 646
19897 740
19898 794
19899 799
19900 786
19901 655
19902 693
19903 646
19904 655
19905 804
19906 799
19907 655
19908 809
19909 788
19910 646
19911 693
19912 788
19913 646
19914 646
19915 799
19916 646
19917 646
19918 425
19919 693
19920 799
19921 740
19922 646
19923 788
19924 631
19925 425
19926 799
19927 803
19928 740
19929 740
19930 804
19931 796
19932 788
19933 796
19934 740
19935 803
19936 646
19937 655
19938 425
19939 796
19940 799
19941 788
19942 646
19943 799
19944 693
19945 799
19946 794
19947 804
19948 740
19949 801
19950 795
19951 799
19952 804
19953 740
19954 693
19955 646
19956 425
19957 646
19958 646
19959 740
19960 693
19961 788
19962 796
19963 796
19964 804
19965 809
19966 794
19967 646
19968 799
19969 693
19970 788
19971 646
19972 740
19973 740
19974 740
19975 693
19976 740
19977 655
19978 425
19979 799
19980 740
19981 799
19982 799
19983 693
19984 740
19985 799
19986 809
19987 740
19988 799
19989 740
19990 788
19991 740
19992 801
19993 693
19994 788
19995 655
19996 799
19997 740
19998 794
19999 740
20000 794
20001 799
20002 693
20003 788
20004 693
20005 655
20006 425
20007 646
20008 788
20009 804
20010 646
20011 631
20012 740
20013 655
20014 646
20015 799
20016 788
20017 801
20018 693
20019 646
20020 693
20021 631
20022 646
20023 788
20024 788
20025 788
20026 646
20027 799
20028 631
20029 425
20030 799
20031 740
20032 799
20033 646
20034 693
20035 740
20036 693
20037 646
20038 631
20039 799
20040 425
20041 788
20042 740
20043 740
20044 740
20045 795
20046 646
20047 693
20048 646
20049 693
20050 740
20051 740
20052 646
20053 655
20054 646
20055 646
20056 646
20057 655
20058 693
20059 799
20060 799
20061 425
20062 794
20063 425
20064 693
20065 646
20066 646
20067 646
20068 646
20069 788
20070 646
20071 799
20072 425
20073 646
20074 740
20075 803
20076 803
20077 693
20078 646
20079 799
20080 646
20081 788
20082 788
20083 799
20084 693
20085 788
20086 788
20087 788
20088 425
20089 788
20090 788
20091 646
20092 631
20093 734
20094 788
20095 801
20096 646
20097 792
20098 799
20099 799
20100 646
20101 646
20102 740
20103 646
20104 799
20105 740
20106 794
20107 740
20108 796
20109 796
20110 799
20111 646
20112 646
20113 799
20114 788
20115 425
20116 646
20117 740
20118 646
20119 631
20120 646
20121 740
20122 788
20123 792
20124 646
20125 788
20126 740
20127 740
20128 740
20129 740
20130 794
20131 788
20132 425
20133 425
20134 804
20135 646
20136 799
20137 740
20138 740
20139 740
20140 693
20141 646
20142 655
20143 740
20144 693
20145 646
20146 794
20147 799
20148 797
20149 796
20150 425
20151 646
20152 693
20153 646
20154 799
20155 693
20156 799
20157 655
20158 799
20159 631
20160 799
20161 788
20162 425
20163 809
20164 799
20165 788
20166 788
20167 740
20168 646
20169 646
20170 797
20171 646
20172 740
20173 788
20174 693
20175 740
20176 740
20177 646
20178 788
20179 740
20180 690
20181 631
20182 425
20183 655
20184 740
20185 796
20186 646
20187 804
20188 693
20189 646
20190 740
20191 740
20192 740
20193 740
20194 740
20195 740
20196 794
20197 655
20198 693
20199 646
20200 646
20201 425
20202 740
20203 788
20204 851
20205 799
20206 799
20207 788
20208 693
20209 799
20210 646
20211 799
20212 702
20213 794
20214 646
20215 646
20216 646
20217 734
20218 740
20219 740
20220 799
20221 693
20222 799
20223 693
20224 788
20225 425
20226 804
20227 804
20228 799
20229 646
20230 803
20231 788
20232 794
20233 804
20234 788
20235 740
20236 693
20237 646
20238 646
20239 799
20240 788
20241 646
20242 799
20243 740
20244 788
20245 425
20246 799
20247 693
20248 795
20249 799
20250 693
20251 799
20252 740
20253 425
20254 734
20255 655
20256 637
20257 788
20258 794
20259 693
20260 740
20261 646
20262 796
20263 740
20264 799
20265 799
20266 740
20267 646
20268 646
20269 797
20270 646
20271 646
20272 788
20273 796
20274 799
20275 740
20276 740
20277 646
20278 655
20279 799
20280 740
20281 693
20282 803
20283 796
20284 740
20285 631
20286 646
20287 740
20288 788
20289 799
20290 646
20291 646
20292 693
20293 799
20294 794
20295 655
20296 788
20297 788
20298 655
20299 740
20300 631
20301 646
20302 740
20303 425
20304 631
20305 799
20306 646
20307 693
20308 425
20309 655
20310 799
20311 693
20312 631
20313 655
20314 740
20315 788
20316 740
20317 631
20318 740
20319 655
20320 631
20321 740
20322 655
20323 799
20324 740
20325 788
20326 425
20327 425
20328 799
20329 796
20330 740
20331 646
20332 788
20333 734
20334 804
20335 631
20336 799
20337 788
20338 693
20339 788
20340 646
20341 655
20342 740
20343 740
20344 740
20345 740
20346 425
20347 425
20348 646
20349 740
20350 797
20351 425
20352 740
20353 799
20354 799
20355 646
20356 788
20357 809
20358 799
20359 631
20360 646
20361 796
20362 740
20363 425
20364 631
20365 646
20366 799
20367 646
20368 788
20369 631
20370 740
20371 799
20372 646
20373 693
20374 646
20375 788
20376 646
20377 425
20378 646
20379 809
20380 799
20381 646
20382 799
20383 788
20384 425
20385 740
20386 799
20387 646
20388 646
20389 809
20390 631
20391 693
20392 425
20393 740
20394 425
20395 799
20396 740
20397 655
20398 740
20399 809
20400 799
20401 796
20402 646
20403 799
20404 740
20405 740
20406 740
20407 740
20408 794
20409 794
20410 655
20411 740
20412 655
20413 740
20414 646
20415 740
20416 646
20417 740
20418 799
20419 425
20420 646
20421 788
20422 693
20423 809
20424 799
20425 646
20426 693
20427 740
20428 646
20429 799
20430 646
20431 631
20432 655
20433 646
20434 425
20435 796
20436 788
20437 425
20438 693
20439 655
20440 631
20441 796
20442 693
20443 646
20444 693
20445 803
20446 799
20447 693
20448 799
20449 693
20450 637
20451 740
20452 809
20453 425
20454 799
20455 740
20456 740
20457 794
20458 799
20459 655
20460 693
20461 693
20462 740
20463 799
20464 693
20465 740
20466 646
20467 795
20468 740
20469 646
20470 799
20471 799
20472 799
20473 799
20474 740
20475 740
20476 788
20477 646
20478 646
20479 740
20480 803
20481 646
20482 799
20483 646
20484 655
20485 740
20486 646
20487 655
20488 804
20489 646
20490 693
20491 655
20492 799
20493 799
20494 646
20495 796
20496 788
20497 799
20498 740
20499 740
20500 631
20501 425
20502 804
20503 646
20504 788
20505 740
20506 799
20507 796
20508 646
20509 799
20510 425
20511 799
20512 799
20513 803
20514 425
20515 740
20516 799
20517 655
20518 646
20519 799
20520 693
20521 803
20522 740
20523 799
20524 788
20525 799
20526 655
20527 799
20528 799
20529 797
20530 734
20531 631
20532 799
20533 799
20534 740
20535 646
20536 799
20537 646
20538 693
20539 646
20540 799
20541 740
20542 788
20543 809
20544 631
20545 788
20546 740
20547 646
20548 693
20549 646
20550 646
20551 797
20552 693
20553 646
20554 646
20555 646
20556 788
20557 799
20558 799
20559 796
20560 799
20561 799
20562 425
20563 646
20564 799
20565 425
20566 799
20567 788
20568 740
20569 693
20570 788
20571 740
20572 799
20573 693
20574 740
20575 740
20576 646
20577 799
20578 799
20579 788
20580 799
20581 740
20582 693
20583 799
20584 646
20585 799
20586 740
20587 799
20588 788
20589 799
20590 425
20591 799
20592 646
20593 425
20594 788
20595 799
20596 646
20597 740
20598 693
20599 740
20600 803
20601 631
20602 646
20603 646
20604 646
20605 788
20606 788
20607 803
20608 740
20609 740
20610 799
20611 425
20612 655
20613 693
20614 799
20615 646
20616 740
20617 799
20618 804
20619 740
20620 425
20621 693
20622 740
20623 799
20624 631
20625 693
20626 646
20627 799
20628 693
20629 740
20630 799
20631 799
20632 693
20633 788
20634 796
20635 693
20636 646
20637 740
20638 738
20639 734
20640 693
20641 795
20642 740
20643 799
20644 799
20645 693
20646 799
20647 740
20648 646
20649 425
20650 693
20651 646
20652 646
20653 794
20654 655
20655 788
20656 693
20657 646
20658 804
20659 693
20660 740
20661 740
20662 655
20663 803
20664 796
20665 788
20666 740
20667 646
20668 646
20669 788
20670 809
20671 788
20672 799
20673 796
20674 740
20675 799
20676 631
20677 740
20678 740
20679 795
20680 740
20681 740
20682 693
20683 646
20684 788
20685 796
20686 799
20687 796
20688 693
20689 740
20690 799
20691 631
20692 788
20693 788
20694 693
20695 799
20696 799
20697 646
20698 852
20699 646
20700 788
20701 693
20702 799
20703 799
20704 646
20705 740
20706 693
20707 792
20708 788
20709 788
20710 646
20711 799
20712 646
20713 799
20714 799
20715 799
20716 803
20717 799
20718 646
20719 646
20720 740
20721 631
20722 646
20723 740
20724 646
20725 646
20726 631
20727 788
20728 631
20729 799
20730 788
20731 740
20732 655
20733 796
20734 799
20735 788
20736 788
20737 788
20738 655
20739 693
20740 646
20741 788
20742 740
20743 646
20744 646
20745 425
20746 799
20747 740
20748 655
20749 425
20750 646
20751 799
20752 792
20753 796
20754 425
20755 425
20756 799
20757 646
20758 646
20759 655
20760 740
20761 740
20762 799
20763 796
20764 646
20765 788
20766 646
20767 799
20768 799
20769 646
20770 799
20771 646
20772 788
20773 788
20774 637
20775 655
20776 788
20777 646
20778 803
20779 740
20780 740
20781 646
20782 801
20783 803
20784 655
20785 655
20786 799
20787 799
20788 631
20789 788
20790 740
20791 646
20792 799
20793 740
20794 799
20795 799
20796 631
20797 655
20798 809
20799 788
20800 734
20801 740
20802 799
20803 799
20804 646
20805 799
20806 788
20807 646
20808 646
20809 425
20810 693
20811 740
20812 799
20813 809
20814 740
20815 799
20816 655
20817 734
20818 788
20819 740
20820 794
20821 799
20822 655
20823 788
20824 799
20825 799
20826 740
20827 646
20828 646
20829 796
20830 646
20831 799
20832 788
20833 740
20834 788
20835 425
20836 801
20837 702
20838 646
20839 799
20840 646
20841 809
20842 693
20843 788
20844 631
20845 631
20846 740
20847 815
20848 794
20849 795
20850 631
20851 843
20852 795
20853 815
20854 853
20855 815
20856 732
20857 854
20858 795
20859 795
20860 815
20861 794
20862 795
20863 855
20864 843
20865 856
20866 857
