18970 26
18971 14
18972 856
18973 857
18974 26
18975 741
18976 376
18977 741
18978 376
18979 376
18980 741
18981 741
18982 857
18983 376
18984 376
18985 857
18986 857
18987 26
18988 857
18989 861
18990 46
18991 857
18992 857
18993 857
18994 861
18995 857
18996 369
18997 741
18998 26
18999 861
19000 595
19001 26
19002 78
19003 857
19004 857
19005 856
19006 376
19007 856
19008 376
19009 741
19010 857
19011 741
19012 26
19013 741
19014 857
19015 857
19016 860
19017 376
19018 376
19019 741
19020 741
19021 856
19022 26
19023 26
19024 856
19025 860
19026 26
19027 26
19028 741
19029 870
19030 857
19031 26
19032 376
19033 26
19034 376
19035 856
19036 856
19037 741
19038 856
19039 860
19040 857
19041 856
19042 857
19043 857
19044 857
19045 860
19046 857
19047 376
19048 857
19049 861
19050 78
19051 856
19052 857
19053 860
19054 376
19055 861
19056 376
19057 856
19058 376
19059 369
19060 741
19061 918
19062 857
19063 26
19064 857
19065 741
19066 376
19067 741
19068 376
19069 376
19070 216
19071 862
19072 857
19073 216
19074 26
19075 26
19076 14
19077 741
19078 860
19079 14
19080 741
19081 857
19082 857
19083 861
19084 26
19085 741
19086 26
19087 857
19088 376
19089 376
19090 741
19091 741
19092 861
19093 741
19094 78
19095 861
19096 807
19097 857
19098 856
19099 857
19100 376
19101 26
19102 741
19103 26
19104 857
19105 860
19106 862
19107 376
19108 857
19109 860
19110 741
19111 376
19112 857
19113 20
19114 26
19115 376
19116 856
19117 376
19118 857
19119 26
19120 376
19121 376
19122 376
19123 376
19124 376
19125 376
19126 376
19127 26
19128 26
19129 741
19130 376
19131 861
19132 741
19133 857
19134 860
19135 864
19136 741
19137 14
19138 856
19139 376
19140 376
19141 861
19142 376
19143 376
19144 857
19145 376
19146 856
19147 857
19148 860
19149 861
19150 376
19151 741
19152 857
19153 26
19154 26
19155 857
19156 376
19157 376
19158 741
19159 741
19160 857
19161 376
19162 741
19163 856
19164 376
19165 741
19166 857
19167 857
19168 861
19169 857
19170 26
19171 860
19172 26
19173 857
19174 860
19175 857
19176 46
19177 376
19178 796
19179 741
19180 857
19181 369
19182 856
19183 860
19184 861
19185 741
19186 861
19187 857
19188 857
19189 861
19190 857
19191 856
19192 595
19193 741
19194 862
19195 741
19196 376
19197 741
19198 857
19199 741
19200 860
19201 376
19202 741
19203 33
19204 376
19205 376
19206 741
19207 741
19208 857
19209 856
19210 376
19211 856
19212 216
19213 860
19214 741
19215 26
19216 857
19217 856
19218 369
19219 376
19220 741
19221 376
19222 216
19223 860
19224 861
19225 857
19226 857
19227 216
19228 26
19229 870
19230 857
19231 856
19232 14
19233 26
19234 860
19235 857
19236 860
19237 857
19238 856
19239 741
19240 376
19241 860
19242 376
19243 369
19244 860
19245 376
19246 856
19247 216
19248 26
19249 857
19250 376
19251 861
19252 860
19253 857
19254 741
19255 376
19256 26
19257 857
19258 741
19259 862
19260 376
19261 741
19262 376
19263 857
19264 376
19265 78
19266 857
19267 78
19268 741
19269 856
19270 857
19271 741
19272 856
19273 741
19274 860
19275 857
19276 369
19277 857
19278 75
19279 857
19280 855
19281 376
19282 857
19283 857
19284 26
19285 216
19286 376
19287 857
19288 376
19289 857
19290 741
19291 741
19292 376
19293 741
19294 741
19295 741
19296 857
19297 860
19298 376
19299 857
19300 857
19301 857
19302 857
19303 856
19304 857
19305 376
19306 856
19307 14
19308 369
19309 860
19310 857
19311 856
19312 857
19313 857
19314 857
19315 860
19316 78
19317 860
19318 860
19319 26
19320 741
19321 856
19322 26
19323 861
19324 741
19325 862
19326 78
19327 376
19328 741
19329 376
19330 857
19331 14
19332 857
19333 26
19334 857
19335 376
19336 857
19337 376
19338 376
19339 26
19340 26
19341 860
19342 26
19343 860
19344 857
19345 376
19346 857
19347 861
19348 857
19349 857
19350 741
19351 856
19352 216
19353 860
19354 857
19355 856
19356 741
19357 26
19358 860
19359 26
19360 26
19361 376
19362 75
19363 857
19364 26
19365 376
19366 741
19367 741
19368 860
19369 26
19370 861
19371 860
19372 857
19373 861
19374 376
19375 856
19376 741
19377 857
19378 216
19379 741
19380 26
19381 861
19382 861
19383 78
19384 860
19385 857
19386 857
19387 857
19388 741
19389 860
19390 857
19391 26
19392 26
19393 856
19394 855
19395 857
19396 26
19397 856
19398 376
19399 862
19400 856
19401 376
19402 861
19403 860
19404 369
19405 26
19406 216
19407 376
19408 861
19409 856
19410 857
19411 856
19412 26
19413 14
19414 856
19415 26
19416 856
19417 26
19418 376
19419 856
19420 857
19421 26
19422 14
19423 857
19424 741
19425 857
19426 14
19427 376
19428 741
19429 857
19430 857
19431 741
19432 857
19433 860
19434 857
19435 857
19436 857
19437 857
19438 376
19439 861
19440 857
19441 861
19442 376
19443 856
19444 856
19445 857
19446 857
19447 26
19448 741
19449 376
19450 857
19451 741
19452 498
19453 857
19454 861
19455 26
19456 855
19457 857
19458 26
19459 860
19460 857
19461 857
19462 860
19463 26
19464 860
19465 741
19466 26
19467 376
19468 46
19469 26
19470 78
19471 376
19472 856
19473 856
19474 857
19475 860
19476 48
19477 226
19478 376
19479 855
19480 862
19481 26
19482 376
19483 741
19484 856
19485 856
19486 376
19487 247
19488 857
19489 857
19490 369
19491 376
19492 864
19493 857
19494 807
19495 376
19496 857
19497 857
19498 376
19499 864
19500 26
19501 741
19502 741
19503 376
19504 26
19505 857
19506 857
19507 856
19508 856
19509 26
19510 46
19511 741
19512 26
19513 376
19514 26
19515 741
19516 741
19517 855
19518 376
19519 864
19520 856
19521 870
19522 376
19523 857
19524 856
19525 376
19526 857
19527 862
19528 857
19529 376
19530 861
19531 870
19532 856
19533 376
19534 376
19535 741
19536 226
19537 856
19538 741
19539 741
19540 376
19541 26
19542 26
19543 26
19544 860
19545 860
19546 861
19547 216
19548 856
19549 856
19550 856
19551 860
19552 861
19553 78
19554 857
19555 376
19556 46
19557 216
19558 741
19559 26
19560 26
19561 855
19562 376
19563 860
19564 26
19565 741
19566 861
19567 376
19568 857
19569 857
19570 26
19571 55
19572 26
19573 856
19574 376
19575 860
19576 862
19577 857
19578 369
19579 741
19580 14
19581 857
19582 856
19583 857
19584 55
19585 741
19586 857
19587 857
19588 78
19589 860
19590 857
19591 26
19592 741
19593 857
19594 857
19595 26
19596 857
19597 46
19598 860
19599 26
19600 187
19601 857
19602 369
19603 860
19604 376
19605 369
19606 741
19607 871
19608 860
19609 856
19610 856
19611 741
19612 856
19613 857
19614 26
19615 376
19616 857
19617 857
19618 376
19619 861
19620 78
19621 26
19622 741
19623 856
19624 376
19625 860
19626 26
19627 78
19628 741
19629 741
19630 376
19631 376
19632 741
19633 856
19634 861
19635 376
19636 857
19637 26
19638 741
19639 857
19640 857
19641 860
19642 247
19643 857
19644 857
19645 216
19646 376
19647 741
19648 376
19649 856
19650 376
19651 857
19652 857
19653 856
19654 741
19655 857
19656 741
19657 621
19658 376
19659 376
19660 741
19661 857
19662 857
19663 376
19664 861
19665 26
19666 857
19667 26
19668 376
19669 26
19670 26
19671 857
19672 741
19673 741
19674 26
19675 741
19676 857
19677 864
19678 741
19679 861
19680 857
19681 369
19682 857
19683 741
19684 856
19685 376
19686 26
19687 741
19688 741
19689 856
19690 26
19691 26
19692 857
19693 857
19694 376
19695 26
19696 919
19697 26
19698 26
19699 369
19700 860
19701 796
19702 26
19703 376
19704 855
19705 376
19706 860
19707 862
19708 46
19709 857
19710 870
19711 741
19712 857
19713 26
19714 369
19715 856
19716 741
19717 856
19718 857
19719 376
19720 860
19721 26
19722 44
19723 741
19724 856
19725 857
19726 856
19727 861
19728 857
19729 376
19730 741
19731 741
19732 741
19733 26
19734 376
19735 857
19736 857
19737 856
19738 860
19739 78
19740 857
19741 26
19742 46
19743 857
19744 860
19745 860
19746 741
19747 26
19748 216
19749 855
19750 856
19751 857
19752 741
19753 861
19754 857
19755 856
19756 741
19757 857
19758 741
19759 741
19760 857
19761 741
19762 857
19763 26
19764 376
19765 369
19766 741
19767 857
19768 856
19769 741
19770 856
19771 857
19772 857
19773 376
19774 376
19775 741
19776 741
19777 46
19778 2
19779 856
19780 860
19781 376
19782 26
19783 741
19784 376
19785 857
19786 26
19787 216
19788 860
19789 26
19790 376
19791 857
19792 26
19793 741
19794 857
19795 216
19796 376
19797 741
19798 920
19799 857
19800 857
19801 26
19802 376
19803 864
19804 861
19805 857
19806 741
19807 741
19808 376
19809 856
19810 376
19811 376
19812 857
19813 26
19814 26
19815 26
19816 871
19817 376
19818 26
19819 857
19820 26
19821 741
19822 14
19823 369
19824 741
19825 856
19826 857
19827 861
19828 376
19829 26
19830 860
19831 857
19832 741
19833 376
19834 857
19835 741
19836 741
19837 14
19838 857
19839 862
19840 857
19841 857
19842 376
19843 741
19844 741
19845 857
19846 857
19847 860
19848 376
19849 741
19850 860
19851 741
19852 741
19853 741
19854 741
19855 741
19856 741
19857 856
19858 26
19859 860
19860 861
19861 741
19862 861
19863 376
19864 856
19865 741
19866 26
19867 857
19868 14
19869 857
19870 26
19871 855
19872 376
19873 856
19874 741
19875 376
19876 856
19877 376
19878 856
19879 376
19880 376
19881 856
19882 741
19883 78
19884 864
19885 376
19886 860
19887 741
19888 26
19889 26
19890 376
19891 376
19892 741
19893 216
19894 862
19895 741
19896 857
19897 26
19898 857
19899 376
19900 921
19901 861
19902 860
19903 857
19904 861
19905 862
19906 376
19907 861
19908 78
19909 741
19910 857
19911 860
19912 741
19913 857
19914 857
19915 376
19916 857
19917 857
19918 14
19919 860
19920 376
19921 26
19922 857
19923 741
19924 247
19925 856
19926 376
19927 870
19928 26
19929 741
19930 862
19931 855
19932 741
19933 420
19934 26
19935 216
19936 857
19937 861
19938 856
19939 369
19940 376
19941 741
19942 857
19943 376
19944 860
19945 376
19946 857
19947 862
19948 741
19949 113
19950 46
19951 376
19952 807
19953 26
19954 860
19955 857
19956 856
19957 857
19958 857
19959 26
19960 860
19961 741
19962 369
19963 855
19964 807
19965 78
19966 864
19967 857
19968 376
19969 860
19970 741
19971 75
19972 26
19973 26
19974 26
19975 860
19976 26
19977 861
19978 856
19979 376
19980 376
19981 376
19982 376
19983 860
19984 741
19985 376
19986 46
19987 26
19988 376
19989 26
19990 741
19991 741
19992 78
19993 860
19994 741
19995 26
19996 376
19997 26
19998 922
19999 741
20000 498
20001 376
20002 860
20003 741
20004 860
20005 861
20006 856
20007 857
20008 741
20009 862
20010 857
20011 247
20012 26
20013 861
20014 857
20015 376
20016 741
20017 78
20018 860
20019 857
20020 860
20021 33
20022 857
20023 741
20024 741
20025 741
20026 857
20027 376
20028 870
20029 856
20030 376
20031 741
20032 376
20033 857
20034 860
20035 741
20036 860
20037 857
20038 595
20039 376
20040 14
20041 741
20042 26
20043 26
20044 741
20045 46
20046 857
20047 860
20048 857
20049 860
20050 26
20051 26
20052 857
20053 861
20054 857
20055 857
20056 857
20057 861
20058 860
20059 376
20060 376
20061 856
20062 857
20063 856
20064 860
20065 857
20066 857
20067 857
20068 857
20069 741
20070 857
20071 376
20072 856
20073 857
20074 26
20075 216
20076 870
20077 860
20078 857
20079 376
20080 857
20081 741
20082 741
20083 376
20084 860
20085 741
20086 741
20087 741
20088 856
20089 741
20090 741
20091 857
20092 870
20093 856
20094 741
20095 103
20096 857
20097 856
20098 376
20099 376
20100 857
20101 857
20102 26
20103 857
20104 376
20105 26
20106 864
20107 26
20108 923
20109 369
20110 376
20111 857
20112 857
20113 376
20114 741
20115 856
20116 857
20117 26
20118 857
20119 595
20120 857
20121 741
20122 741
20123 856
20124 857
20125 741
20126 26
20127 26
20128 26
20129 26
20130 864
20131 741
20132 856
20133 856
20134 807
20135 857
20136 376
20137 26
20138 741
20139 26
20140 860
20141 857
20142 861
20143 26
20144 860
20145 857
20146 36
20147 376
20148 924
20149 369
20150 856
20151 857
20152 860
20153 857
20154 376
20155 860
20156 376
20157 861
20158 376
20159 857
20160 376
20161 741
20162 856
20163 244
20164 376
20165 741
20166 741
20167 26
20168 857
20169 857
20170 36
20171 857
20172 26
20173 741
20174 860
20175 376
20176 26
20177 857
20178 741
20179 26
20180 857
20181 595
20182 856
20183 861
20184 741
20185 369
20186 857
20187 862
20188 860
20189 857
20190 26
20191 26
20192 26
20193 376
20194 741
20195 741
20196 864
20197 861
20198 860
20199 857
20200 857
20201 856
20202 26
20203 741
20204 925
20205 376
20206 376
20207 741
20208 860
20209 376
20210 857
20211 376
20212 857
20213 864
20214 857
20215 857
20216 857
20217 14
20218 26
20219 26
20220 376
20221 860
20222 376
20223 860
20224 741
20225 856
20226 862
20227 862
20228 376
20229 857
20230 216
20231 741
20232 857
20233 807
20234 741
20235 26
20236 860
20237 857
20238 857
20239 376
20240 741
20241 857
20242 376
20243 26
20244 741
20245 14
20246 376
20247 860
20248 46
20249 376
20250 860
20251 376
20252 26
20253 856
20254 856
20255 861
20256 226
20257 741
20258 857
20259 860
20260 26
20261 857
20262 369
20263 26
20264 376
20265 376
20266 26
20267 857
20268 857
20269 78
20270 857
20271 857
20272 741
20273 369
20274 376
20275 376
20276 26
20277 857
20278 861
20279 376
20280 26
20281 860
20282 216
20283 855
20284 26
20285 857
20286 857
20287 741
20288 741
20289 376
20290 857
20291 857
20292 860
20293 376
20294 75
20295 861
20296 741
20297 741
20298 861
20299 26
20300 254
20301 857
20302 26
20303 856
20304 254
20305 376
20306 857
20307 860
20308 856
20309 861
20310 376
20311 860
20312 871
20313 861
20314 376
20315 741
20316 26
20317 216
20318 26
20319 861
20320 595
20321 26
20322 861
20323 376
20324 26
20325 741
20326 856
20327 856
20328 376
20329 855
20330 26
20331 857
20332 741
20333 14
20334 807
20335 595
20336 376
20337 741
20338 860
20339 741
20340 857
20341 861
20342 26
20343 26
20344 26
20345 26
20346 856
20347 856
20348 857
20349 26
20350 78
20351 14
20352 26
20353 376
20354 376
20355 857
20356 741
20357 78
20358 376
20359 216
20360 857
20361 369
20362 26
20363 856
20364 926
20365 857
20366 376
20367 857
20368 741
20369 870
20370 26
20371 376
20372 75
20373 860
20374 857
20375 741
20376 857
20377 14
20378 857
20379 78
20380 376
20381 857
20382 376
20383 741
20384 856
20385 26
20386 376
20387 857
20388 857
20389 78
20390 216
20391 860
20392 856
20393 26
20394 14
20395 376
20396 26
20397 861
20398 26
20399 78
20400 376
20401 855
20402 857
20403 376
20404 376
20405 26
20406 741
20407 26
20408 857
20409 857
20410 861
20411 26
20412 861
20413 26
20414 857
20415 26
20416 857
20417 26
20418 376
20419 856
20420 857
20421 741
20422 860
20423 78
20424 376
20425 857
20426 860
20427 741
20428 857
20429 376
20430 857
20431 247
20432 861
20433 857
20434 14
20435 369
20436 741
20437 856
20438 860
20439 861
20440 39
20441 855
20442 860
20443 857
20444 860
20445 870
20446 376
20447 860
20448 376
20449 860
20450 226
20451 26
20452 31
20453 856
20454 376
20455 26
20456 26
20457 857
20458 376
20459 861
20460 860
20461 860
20462 26
20463 376
20464 860
20465 26
20466 75
20467 46
20468 741
20469 857
20470 376
20471 376
20472 376
20473 376
20474 376
20475 26
20476 741
20477 857
20478 857
20479 26
20480 216
20481 857
20482 376
20483 857
20484 861
20485 26
20486 857
20487 26
20488 862
20489 857
20490 860
20491 861
20492 376
20493 376
20494 857
20495 855
20496 741
20497 376
20498 26
20499 26
20500 854
20501 856
20502 807
20503 857
20504 741
20505 741
20506 376
20507 369
20508 857
20509 376
20510 856
20511 376
20512 376
20513 870
20514 856
20515 741
20516 376
20517 2
20518 857
20519 376
20520 262
20521 216
20522 26
20523 376
20524 741
20525 376
20526 861
20527 376
20528 376
20529 78
20530 216
20531 857
20532 376
20533 376
20534 26
20535 857
20536 376
20537 857
20538 860
20539 857
20540 376
20541 26
20542 741
20543 223
20544 595
20545 741
20546 26
20547 857
20548 860
20549 857
20550 857
20551 78
20552 860
20553 857
20554 857
20555 857
20556 741
20557 376
20558 376
20559 855
20560 376
20561 376
20562 856
20563 857
20564 376
20565 856
20566 376
20567 741
20568 26
20569 860
20570 741
20571 26
20572 376
20573 860
20574 26
20575 741
20576 857
20577 376
20578 376
20579 741
20580 376
20581 26
20582 860
20583 376
20584 857
20585 376
20586 26
20587 376
20588 741
20589 376
20590 856
20591 376
20592 857
20593 856
20594 741
20595 376
20596 857
20597 26
20598 860
20599 26
20600 595
20601 870
20602 857
20603 857
20604 857
20605 741
20606 741
20607 870
20608 26
20609 741
20610 376
20611 856
20612 861
20613 860
20614 376
20615 857
20616 26
20617 376
20618 862
20619 26
20620 14
20621 860
20622 26
20623 376
20624 247
20625 860
20626 857
20627 376
20628 860
20629 741
20630 376
20631 376
20632 860
20633 741
20634 369
20635 860
20636 857
20637 26
20638 861
20639 14
20640 860
20641 46
20642 26
20643 376
20644 376
20645 860
20646 376
20647 376
20648 857
20649 856
20650 860
20651 857
20652 857
20653 864
20654 861
20655 741
20656 860
20657 857
20658 862
20659 860
20660 26
20661 26
20662 861
20663 216
20664 369
20665 741
20666 741
20667 857
20668 857
20669 741
20670 78
20671 741
20672 729
20673 369
20674 26
20675 376
20676 216
20677 26
20678 26
20679 46
20680 26
20681 26
20682 860
20683 857
20684 741
20685 369
20686 376
20687 369
20688 860
20689 26
20690 376
20691 49
20692 741
20693 741
20694 860
20695 376
20696 376
20697 857
20698 927
20699 857
20700 741
20701 860
20702 376
20703 376
20704 857
20705 26
20706 860
20707 868
20708 741
20709 741
20710 857
20711 376
20712 857
20713 376
20714 376
20715 376
20716 595
20717 376
20718 857
20719 857
20720 26
20721 870
20722 857
20723 26
20724 857
20725 857
20726 119
20727 741
20728 595
20729 376
20730 741
20731 26
20732 861
20733 855
20734 376
20735 741
20736 741
20737 741
20738 26
20739 860
20740 857
20741 741
20742 376
20743 857
20744 857
20745 856
20746 376
20747 741
20748 861
20749 856
20750 857
20751 376
20752 868
20753 369
20754 856
20755 856
20756 376
20757 857
20758 857
20759 861
20760 26
20761 26
20762 376
20763 369
20764 857
20765 741
20766 857
20767 376
20768 376
20769 857
20770 376
20771 857
20772 741
20773 741
20774 226
20775 861
20776 741
20777 857
20778 216
20779 26
20780 26
20781 857
20782 350
20783 216
20784 861
20785 861
20786 376
20787 376
20788 216
20789 741
20790 26
20791 857
20792 376
20793 741
20794 376
20795 376
20796 595
20797 861
20798 78
20799 741
20800 14
20801 26
20802 376
20803 376
20804 857
20805 376
20806 741
20807 857
20808 857
20809 856
20810 860
20811 26
20812 376
20813 78
20814 26
20815 376
20816 861
20817 216
20818 741
20819 26
20820 498
20821 376
20822 26
20823 741
20824 376
20825 376
20826 26
20827 857
20828 857
20829 855
20830 857
20831 376
20832 741
20833 26
20834 741
20835 856
20836 350
20837 796
20838 857
20839 376
20840 857
20841 78
20842 860
20843 741
20844 595
20845 216
20846 26
20847 18
20848 347
20849 46
20850 795
20851 664
20852 46
20853 262
20854 55
20855 18
20856 223
20857 928
20858 46
20859 46
20860 40
20861 347
20862 46
20863 33
20864 215
20865 244
20866 929
