3794 358
3795 119
3796 119
3797 29
3798 84
3799 14
3800 346
3801 360
3802 361
3803 40
3804 370
3805 256
3806 235
3807 259
3808 259
3809 360
3810 84
3811 278
3812 259
3813 362
3814 346
3815 256
3816 370
3817 25
3818 362
3819 221
3820 254
3821 259
3822 362
3823 65
3824 14
3825 14
3826 36
3827 113
3828 254
3829 36
3830 361
3831 259
3832 14
3833 361
3834 366
3835 40
3836 36
3837 254
3838 346
3839 259
3840 346
3841 259
3842 346
3843 346
3844 256
3845 235
3846 259
3847 119
3848 259
3849 350
3850 235
3851 362
3852 254
3853 235
3854 14
3855 370
3856 84
3857 221
3858 361
3859 235
3860 360
3861 361
3862 52
3863 119
3864 362
3865 113
3866 360
3867 278
3868 259
3869 346
3870 366
3871 259
3872 14
3873 84
3874 361
3875 362
3876 358
3877 14
3878 278
3879 84
3880 235
3881 278
3882 1
3883 358
3884 370
3885 362
3886 14
3887 346
3888 14
3889 249
3890 29
3891 346
3892 259
3893 235
3894 259
3895 84
3896 84
3897 256
3898 361
3899 278
3900 362
3901 1
3902 278
3903 370
3904 14
3905 360
3906 362
3907 370
3908 278
3909 278
3910 119
3911 235
3912 36
3913 362
3914 119
3915 256
3916 278
3917 254
3918 259
3919 278
3920 346
3921 256
3922 254
3923 278
3924 113
3925 362
3926 235
3927 254
3928 256
3929 36
3930 254
3931 14
3932 278
3933 14
3934 278
3935 235
3936 113
3937 361
3938 278
3939 278
3940 84
3941 362
3942 259
3943 259
3944 360
3945 361
3946 84
3947 362
3948 113
3949 278
3950 235
3951 90
3952 259
3953 119
3954 361
3955 259
3956 259
3957 247
3958 254
3959 278
3960 8
3961 358
3962 362
3963 254
3964 376
3965 360
3966 14
3967 278
3968 346
3969 256
3970 14
3971 377
3972 259
3973 235
3974 235
3975 84
3976 235
3977 362
3978 235
3979 358
3980 256
3981 84
3982 235
3983 278
3984 259
3985 84
3986 119
3987 235
3988 14
3989 84
3990 358
3991 48
3992 259
3993 259
3994 84
3995 278
3996 14
3997 346
3998 278
3999 278
4000 366
4001 370
4002 254
4003 14
4004 378
4005 247
4006 29
4007 361
4008 362
4009 278
4010 221
4011 362
4012 358
4013 259
4014 370
4015 235
4016 235
4017 278
4018 358
4019 235
4020 113
4021 278
4022 14
4023 278
4024 84
4025 362
4026 278
4027 366
4028 362
4029 361
4030 254
4031 278
4032 259
4033 278
4034 14
4035 366
4036 14
4037 278
4038 235
4039 246
4040 254
4041 346
4042 235
4043 14
4044 113
4045 46
4046 259
4047 363
4048 254
4049 362
4050 278
4051 278
4052 361
4053 378
4054 14
4055 362
4056 278
4057 235
4058 267
4059 259
4060 370
4061 113
4062 361
4063 14
4064 254
4065 346
4066 84
4067 14
4068 249
4069 235
4070 362
4071 362
4072 84
4073 84
4074 370
4075 224
4076 84
4077 119
4078 84
4079 72
4080 361
4081 346
4082 66
4083 84
4084 14
4085 361
4086 103
4087 235
4088 259
4089 358
4090 254
4091 14
4092 259
4093 278
4094 362
4095 370
4096 84
4097 278
4098 119
4099 224
4100 113
4101 259
4102 256
4103 278
4104 362
4105 254
4106 46
4107 278
4108 360
4109 14
4110 256
4111 362
4112 29
4113 361
4114 79
4115 259
4116 90
4117 84
4118 377
4119 235
4120 346
4121 235
4122 84
4123 119
4124 370
4125 84
4126 259
4127 113
4128 346
4129 370
4130 278
4131 259
4132 1
4133 65
4134 362
4135 363
4136 255
4137 362
4138 256
4139 254
4140 259
4141 256
4142 259
4143 14
4144 113
4145 362
4146 278
4147 48
4148 362
4149 346
4150 84
4151 84
4152 235
4153 378
4154 366
4155 346
4156 361
4157 113
4158 346
4159 235
4160 14
4161 119
4162 259
4163 358
4164 29
4165 14
4166 29
4167 14
4168 235
4169 235
4170 362
4171 235
4172 346
4173 259
4174 362
4175 14
4176 84
4177 235
4178 362
4179 278
4180 346
4181 259
4182 55
4183 278
4184 113
4185 84
4186 235
4187 259
4188 62
4189 361
4190 14
4191 235
4192 255
4193 378
4194 278
4195 259
4196 14
4197 48
4198 113
4199 113
4200 366
4201 361
4202 187
4203 385
4204 361
4205 362
4206 259
4207 14
4208 84
4209 256
4210 366
4211 278
4212 14
4213 370
4214 235
4215 361
4216 278
4217 346
4218 14
4219 362
4220 370
4221 278
4222 369
4223 385
4224 36
4225 29
4226 1
4227 254
4228 278
4229 362
4230 369
4231 362
4232 278
4233 256
4234 362
4235 358
4236 84
4237 254
4238 14
4239 346
4240 254
4241 259
4242 14
4243 84
4244 1
4245 40
4246 235
4247 235
4248 267
4249 362
4250 14
4251 362
4252 259
4253 1
4254 370
4255 358
4256 254
4257 278
4258 254
4259 14
4260 259
4261 278
4262 84
4263 254
4264 370
4265 278
4266 362
4267 362
4268 362
4269 370
4270 40
4271 221
4272 278
4273 360
4274 14
4275 361
4276 235
4277 346
4278 369
4279 346
4280 259
4281 48
4282 370
4283 346
4284 256
4285 377
4286 259
4287 40
4288 366
4289 84
4290 235
4291 370
4292 362
4293 84
4294 259
4295 278
4296 84
4297 48
4298 360
4299 362
4300 278
4301 254
4302 14
4303 370
4304 370
4305 44
4306 254
4307 14
4308 113
4309 14
4310 259
4311 362
4312 278
4313 113
4314 377
4315 358
4316 362
4317 362
4318 14
4319 235
4320 278
4321 378
4322 247
4323 370
4324 235
4325 362
4326 259
4327 362
4328 235
4329 278
4330 259
4331 259
4332 14
4333 235
4334 119
4335 370
4336 119
4337 254
4338 235
4339 385
4340 366
4341 254
4342 362
4343 259
4344 14
4345 247
4346 84
4347 350
4348 1
4349 254
4350 90
4351 90
4352 278
4353 278
4354 259
4355 358
4356 362
4357 84
4358 361
4359 254
4360 235
4361 259
4362 346
4363 370
4364 113
4365 278
4366 224
4367 362
4368 346
4369 84
4370 259
4371 235
4372 84
4373 346
4374 259
4375 14
4376 84
4377 362
4378 278
4379 14
4380 79
4381 259
4382 1
4383 235
4384 362
4385 278
4386 14
4387 278
4388 278
4389 346
4390 36
4391 235
4392 235
4393 119
4394 362
4395 363
4396 362
4397 362
4398 254
4399 259
4400 278
4401 370
4402 363
4403 259
4404 235
4405 370
4406 84
4407 221
4408 84
4409 113
4410 256
4411 29
4412 278
4413 14
4414 254
4415 361
4416 361
4417 278
4418 366
4419 235
4420 84
4421 221
4422 362
4423 267
4424 362
4425 370
4426 90
4427 14
4428 362
4429 84
4430 84
4431 84
4432 90
4433 256
4434 278
4435 370
4436 363
4437 235
4438 346
4439 362
4440 369
4441 370
4442 113
4443 370
4444 358
4445 259
4446 362
4447 84
4448 358
4449 254
4450 366
4451 235
4452 235
4453 259
4454 119
4455 370
4456 362
4457 370
4458 363
4459 235
4460 360
4461 235
4462 10
4463 278
4464 370
4465 84
4466 84
4467 254
4468 14
4469 119
4470 14
4471 119
4472 278
4473 259
4474 278
4475 254
4476 362
4477 29
4478 14
4479 256
4480 385
4481 235
4482 14
4483 254
4484 259
4485 235
4486 362
4487 362
4488 259
4489 1
4490 256
4491 84
4492 14
4493 84
4494 235
4495 235
4496 366
4497 29
4498 14
4499 14
4500 254
4501 278
4502 278
4503 376
4504 362
4505 254
4506 14
4507 278
4508 14
4509 278
4510 259
4511 385
4512 235
4513 259
4514 370
4515 362
4516 259
4517 358
4518 230
4519 370
4520 259
4521 360
4522 362
4523 14
4524 113
4525 14
4526 370
4527 362
4528 370
4529 14
4530 8
4531 370
4532 14
4533 370
4534 14
4535 278
4536 361
4537 14
4538 278
4539 235
4540 249
4541 378
4542 259
4543 84
4544 84
4545 358
4546 256
4547 362
4548 235
4549 84
4550 14
4551 358
4552 278
4553 259
4554 278
4555 235
4556 411
4557 14
4558 346
4559 62
4560 235
4561 278
4562 361
4563 235
4564 14
4565 115
4566 361
4567 14
4568 113
4569 278
4570 370
4571 14
4572 37
4573 259
4574 14
4575 235
4576 249
4577 224
4578 254
4579 346
4580 370
4581 14
4582 235
4583 370
4584 259
4585 377
4586 259
4587 370
4588 221
4589 259
4590 254
4591 14
4592 259
4593 362
4594 14
4595 377
4596 14
4597 369
4598 249
4599 361
4600 378
4601 346
4602 254
4603 90
4604 362
4605 254
4606 14
4607 14
4608 362
4609 346
4610 362
4611 84
4612 366
4613 358
4614 377
4615 278
4616 235
4617 259
4618 358
4619 259
4620 361
4621 14
4622 119
4623 370
4624 252
4625 346
4626 254
4627 113
4628 84
4629 370
4630 259
4631 187
4632 362
4633 84
4634 119
4635 84
4636 14
4637 278
4638 14
4639 254
4640 362
4641 366
4642 378
4643 48
4644 361
4645 256
4646 84
4647 278
4648 259
4649 14
4650 361
4651 370
4652 249
4653 346
4654 235
4655 84
4656 366
4657 235
4658 119
4659 370
4660 247
4661 370
4662 278
4663 235
4664 259
4665 259
4666 235
4667 235
4668 259
4669 14
4670 358
4671 278
4672 40
4673 14
4674 14
4675 362
4676 14
4677 84
4678 361
4679 259
4680 370
4681 278
4682 113
4683 235
4684 278
4685 1
4686 278
4687 29
4688 14
4689 377
4690 84
4691 235
4692 84
4693 14
4694 360
4695 362
4696 115
4697 84
4698 255
4699 370
4700 267
4701 362
4702 362
4703 113
4704 278
4705 254
4706 358
4707 14
4708 224
4709 113
4710 259
4711 1
4712 259
4713 119
4714 362
4715 256
4716 363
4717 362
4718 370
4719 46
4720 14
4721 362
4722 252
4723 14
4724 346
4725 346
4726 84
4727 278
4728 370
4729 84
4730 235
4731 44
4732 256
4733 113
4734 84
4735 362
4736 256
4737 370
4738 113
4739 360
4740 412
4741 346
4742 278
4743 363
4744 362
4745 256
4746 346
4747 278
4748 235
4749 358
4750 14
4751 346
4752 119
4753 259
4754 278
4755 377
4756 370
4757 84
4758 235
4759 346
4760 84
4761 278
4762 247
4763 40
4764 278
4765 247
4766 1
4767 366
4768 362
4769 259
4770 18
4771 362
4772 1
4773 370
4774 259
4775 259
4776 119
4777 278
4778 259
4779 362
4780 235
4781 85
4782 48
4783 278
4784 278
4785 378
4786 14
4787 14
4788 360
4789 14
4790 84
4791 259
4792 346
4793 235
4794 84
4795 259
4796 40
4797 254
4798 378
4799 255
4800 25
4801 14
4802 362
4803 346
4804 363
4805 362
4806 119
4807 278
4808 90
4809 235
4810 278
4811 362
4812 362
4813 40
4814 259
4815 235
4816 235
4817 362
4818 84
4819 378
4820 278
4821 36
4822 259
4823 254
4824 346
4825 254
4826 259
4827 346
4828 385
4829 235
4830 235
4831 84
4832 362
4833 346
4834 346
4835 90
4836 113
4837 361
4838 14
4839 113
4840 113
4841 254
4842 119
4843 378
4844 14
4845 346
4846 259
4847 84
4848 366
4849 366
4850 29
4851 362
4852 259
4853 362
4854 84
4855 370
4856 259
4857 14
4858 278
4859 385
4860 113
4861 376
4862 361
4863 235
4864 84
4865 370
4866 278
4867 256
4868 346
4869 256
4870 247
4871 278
4872 361
4873 36
4874 385
4875 278
4876 370
4877 113
4878 254
4879 84
4880 14
4881 370
4882 278
4883 29
4884 362
4885 361
4886 346
4887 14
4888 259
4889 84
4890 259
4891 84
4892 256
4893 346
4894 14
4895 378
4896 187
4897 14
4898 29
4899 113
4900 235
4901 84
4902 278
4903 84
4904 235
4905 14
4906 362
4907 363
4908 254
4909 278
4910 259
4911 14
4912 259
4913 254
4914 119
4915 14
4916 259
4917 119
4918 366
4919 362
4920 361
4921 346
4922 72
4923 346
4924 90
4925 14
4926 361
4927 84
4928 278
4929 84
4930 370
4931 235
4932 14
4933 259
4934 84
4935 40
4936 235
4937 259
4938 346
4939 358
4940 362
4941 1
4942 90
4943 362
4944 278
4945 235
4946 113
4947 267
4948 66
4949 84
4950 235
4951 352
4952 235
4953 362
4954 278
4955 187
4956 235
4957 84
4958 346
4959 84
4960 362
4961 259
4962 14
4963 259
4964 278
4965 278
4966 84
4967 90
4968 14
4969 259
4970 9
4971 352
4972 370
4973 361
4974 84
4975 14
4976 360
4977 385
4978 14
4979 235
4980 370
4981 235
4982 362
4983 254
4984 360
4985 362
4986 14
4987 235
4988 235
4989 370
4990 36
4991 14
4992 370
4993 235
4994 278
4995 119
4996 278
4997 346
4998 14
4999 370
5000 254
5001 254
5002 361
5003 113
5004 370
5005 278
5006 346
5007 246
5008 119
5009 221
5010 235
5011 14
5012 115
5013 259
5014 235
5015 14
5016 235
5017 221
5018 362
5019 256
5020 62
5021 362
5022 361
5023 84
5024 113
5025 254
5026 221
5027 370
5028 36
5029 113
5030 113
5031 14
5032 235
5033 254
5034 84
5035 264
5036 366
5037 254
5038 236
5039 363
5040 14
5041 259
5042 278
5043 235
5044 84
5045 361
5046 235
5047 370
5048 362
5049 361
5050 113
5051 278
5052 14
5053 84
5054 346
5055 278
5056 0
5057 259
5058 84
5059 361
5060 370
5061 36
5062 235
5063 84
5064 259
5065 361
5066 119
5067 254
5068 235
5069 36
5070 413
5071 255
5072 90
5073 235
5074 84
5075 346
5076 362
5077 14
5078 255
5079 256
5080 84
5081 259
5082 119
5083 259
5084 278
5085 363
5086 256
5087 370
5088 366
5089 39
5090 249
5091 14
5092 259
5093 254
5094 119
5095 14
5096 235
5097 235
5098 254
5099 84
5100 14
5101 119
5102 14
5103 254
5104 278
5105 235
5106 278
5107 278
5108 84
5109 363
5110 40
5111 235
5112 278
5113 259
5114 278
5115 363
5116 84
5117 358
5118 361
5119 362
5120 235
5121 362
5122 235
5123 358
5124 18
5125 235
5126 254
5127 362
5128 90
5129 358
5130 370
5131 259
5132 84
5133 259
5134 363
5135 259
5136 14
5137 370
5138 14
5139 52
5140 235
5141 362
5142 360
5143 278
5144 84
5145 14
5146 84
5147 235
5148 362
5149 370
5150 370
5151 119
5152 259
5153 259
5154 256
5155 385
5156 360
5157 370
5158 14
5159 254
5160 14
5161 40
5162 360
5163 370
5164 362
5165 235
5166 378
5167 235
5168 360
5169 278
5170 113
5171 235
5172 278
5173 235
5174 278
5175 29
5176 14
5177 235
5178 235
5179 361
5180 278
5181 36
5182 361
5183 1
5184 14
5185 14
5186 1
5187 358
5188 370
5189 235
5190 278
5191 84
5192 235
5193 256
5194 362
5195 235
5196 267
5197 119
5198 370
5199 235
5200 259
5201 259
5202 235
5203 278
5204 362
5205 84
5206 362
5207 256
5208 278
5209 346
5210 256
5211 235
5212 254
5213 362
5214 278
5215 278
5216 14
5217 259
5218 40
5219 84
5220 14
5221 254
5222 235
5223 1
5224 346
5225 113
5226 378
5227 254
5228 362
5229 362
5230 370
5231 255
5232 113
5233 14
5234 256
5235 259
5236 362
5237 370
5238 90
5239 235
5240 370
5241 29
5242 247
5243 249
5244 362
5245 14
5246 278
5247 235
5248 84
5249 84
5250 362
5251 259
5252 235
5253 278
5254 119
5255 363
5256 358
5257 278
5258 358
5259 385
5260 362
5261 119
5262 278
5263 366
5264 43
5265 362
5266 259
5267 363
5268 376
5269 370
5270 278
5271 278
5272 29
5273 252
5274 358
5275 14
5276 377
5277 370
5278 84
5279 113
5280 259
5281 14
5282 259
5283 84
5284 84
5285 346
5286 362
5287 256
5288 113
5289 84
5290 235
5291 278
5292 224
5293 9
5294 278
5295 278
5296 7
5297 235
5298 235
5299 370
5300 259
5301 246
5302 235
5303 84
5304 235
5305 84
5306 84
5307 18
5308 363
5309 362
5310 362
5311 254
5312 84
5313 84
5314 62
5315 278
5316 376
5317 278
5318 363
5319 14
5320 361
5321 84
5322 278
5323 370
5324 235
5325 235
5326 235
5327 362
5328 254
5329 40
5330 254
5331 254
5332 256
5333 119
5334 84
5335 84
5336 14
5337 255
5338 254
5339 346
5340 14
5341 278
5342 14
5343 235
5344 119
5345 360
5346 362
5347 113
5348 377
5349 14
5350 278
5351 378
5352 259
5353 278
5354 255
5355 259
5356 363
5357 370
5358 370
5359 29
5360 235
5361 235
5362 385
5363 259
5364 259
5365 363
5366 385
5367 385
5368 84
5369 360
5370 366
5371 254
5372 48
5373 278
5374 278
5375 278
5376 278
5377 1
5378 366
5379 14
5380 84
5381 278
5382 254
5383 84
5384 370
5385 259
5386 221
5387 346
5388 46
5389 113
5390 48
5391 255
5392 259
5393 361
5394 362
5395 370
5396 256
5397 362
5398 259
5399 358
5400 346
5401 221
5402 36
5403 362
5404 235
5405 115
5406 14
5407 363
5408 235
5409 247
5410 84
5411 278
5412 221
5413 278
5414 370
5415 278
5416 278
5417 35
5418 249
5419 84
5420 414
5421 235
5422 84
5423 378
5424 249
5425 14
5426 358
5427 14
5428 259
5429 278
5430 346
5431 361
5432 113
5433 385
5434 235
5435 278
5436 278
5437 370
5438 14
5439 362
5440 278
5441 14
5442 358
5443 235
5444 370
5445 14
5446 346
5447 259
5448 259
5449 235
5450 119
5451 235
5452 235
5453 40
5454 119
5455 40
5456 14
5457 119
5458 361
5459 378
5460 14
5461 360
5462 363
5463 235
5464 259
5465 84
5466 362
5467 1
5468 370
5469 84
5470 346
5471 113
5472 346
5473 362
5474 14
5475 346
5476 278
5477 84
5478 346
5479 246
5480 259
5481 66
5482 377
5483 14
5484 362
5485 378
5486 84
5487 84
5488 362
5489 14
5490 235
5491 363
5492 278
5493 84
5494 254
5495 370
5496 278
5497 370
5498 84
5499 14
5500 278
5501 370
5502 366
5503 84
5504 14
5505 376
5506 254
5507 361
5508 346
5509 29
5510 235
5511 259
5512 84
5513 84
5514 370
5515 119
5516 362
5517 278
5518 36
5519 1
5520 370
5521 370
5522 278
5523 259
5524 113
5525 278
5526 366
5527 278
5528 14
5529 84
5530 361
5531 14
5532 235
5533 370
5534 361
5535 370
5536 370
5537 370
5538 14
5539 235
5540 52
5541 363
5542 119
5543 254
5544 259
5545 235
5546 370
5547 254
5548 278
5549 278
5550 235
5551 278
5552 370
5553 119
5554 84
5555 259
5556 254
5557 361
5558 362
5559 84
5560 14
5561 256
5562 48
5563 36
5564 278
5565 370
5566 278
5567 14
5568 370
5569 187
5570 370
5571 256
5572 221
5573 361
5574 362
5575 84
5576 79
5577 259
5578 278
5579 363
5580 362
5581 235
5582 259
5583 370
5584 259
5585 113
5586 235
5587 362
5588 358
5589 377
5590 370
5591 370
5592 235
5593 14
5594 14
5595 370
5596 370
5597 362
5598 278
5599 14
5600 14
5601 36
5602 259
5603 254
5604 40
5605 278
5606 255
5607 14
5608 278
5609 385
5610 362
5611 259
5612 235
5613 14
5614 378
5615 14
5616 361
5617 256
5618 377
5619 366
5620 362
5621 235
5622 14
5623 88
5624 259
5625 119
5626 254
5627 14
5628 256
5629 259
5630 278
5631 84
5632 376
5633 361
5634 278
5635 361
5636 377
5637 84
5638 235
5639 361
5640 361
5641 278
5642 370
5643 363
5644 14
5645 113
5646 362
5647 259
5648 362
5649 14
5650 14
5651 235
5652 1
5653 84
5654 84
5655 362
5656 254
5657 278
5658 360
5659 235
5660 278
5661 259
5662 84
5663 84
5664 362
5665 278
5666 362
5667 84
5668 84
5669 360
5670 259
5671 62
5672 235
5673 235
5674 119
5675 360
5676 278
5677 346
5678 278
5679 235
5680 84
5681 370
5682 119
5683 370
5684 256
5685 254
5686 415
5687 119
5688 377
5689 377
5690 36
