9485 483
9486 427
9487 29
9488 548
9489 549
9490 550
9491 474
9492 427
9493 427
9494 427
9495 15
9496 552
9497 427
9498 550
9499 550
9500 550
9501 552
9502 427
9503 431
9504 474
9505 431
9506 483
9507 474
9508 431
9509 431
9510 427
9511 431
9512 15
9513 427
9514 431
9515 431
9516 550
9517 549
9518 431
9519 549
9520 427
9521 431
9522 427
9523 427
9524 552
9525 431
9526 499
9527 549
9528 550
9529 427
9530 429
9531 550
9532 29
9533 15
9534 499
9535 29
9536 429
9537 550
9538 268
9539 549
9540 550
9541 429
9542 427
9543 45
9544 409
9545 29
9546 483
9547 472
9548 431
9549 427
9550 427
9551 15
9552 427
9553 268
9554 29
9555 550
9556 427
9557 431
9558 427
9559 483
9560 549
9561 427
9562 431
9563 431
9564 431
9565 548
9566 427
9567 552
9568 427
9569 474
9570 427
9571 483
9572 550
9573 427
9574 427
9575 29
9576 431
9577 427
9578 427
9579 409
9580 427
9581 431
9582 431
9583 474
9584 549
9585 29
9586 550
9587 552
9588 550
9589 548
9590 552
9591 431
9592 427
9593 427
9594 427
9595 431
9596 483
9597 427
9598 550
9599 549
9600 15
9601 427
9602 550
9603 409
9604 427
9605 427
9606 427
9607 427
9608 499
9609 552
9610 427
9611 547
9612 548
9613 429
9614 552
9615 550
9616 268
9617 409
9618 499
9619 268
9620 409
9621 29
9622 549
9623 499
9624 431
9625 499
9626 429
9627 499
9628 431
9629 552
9630 15
9631 427
9632 427
9633 15
9634 549
9635 15
9636 550
9637 29
9638 431
9639 550
9640 550
9641 427
9642 474
9643 427
9644 429
9645 547
9646 429
9647 499
9648 29
9649 431
9650 474
9651 550
9652 550
9653 427
9654 431
9655 549
9656 427
9657 409
9658 550
9659 431
9660 427
9661 474
9662 29
9663 431
9664 499
9665 427
9666 427
9667 552
9668 552
9669 427
9670 427
9671 550
9672 431
9673 431
9674 549
9675 549
9676 549
9677 550
9678 474
9679 548
9680 15
9681 548
9682 552
9683 409
9684 409
9685 474
9686 431
9687 549
9688 483
9689 431
9690 427
9691 550
9692 427
9693 472
9694 552
9695 268
9696 550
9697 431
9698 427
9699 409
9700 549
9701 427
9702 431
9703 550
9704 431
9705 427
9706 552
9707 427
9708 29
9709 499
9710 483
9711 427
9712 549
9713 427
9714 29
9715 409
9716 431
9717 427
9718 550
9719 431
9720 427
9721 409
9722 29
9723 29
9724 431
9725 427
9726 548
9727 409
9728 427
9729 427
9730 499
9731 427
9732 409
9733 552
9734 548
9735 474
9736 427
9737 427
9738 427
9739 15
9740 427
9741 550
9742 29
9743 550
9744 431
9745 550
9746 549
9747 427
9748 29
9749 427
9750 550
9751 552
9752 409
9753 552
9754 549
9755 427
9756 427
9757 550
9758 15
9759 550
9760 549
9761 427
9762 409
9763 431
9764 409
9765 474
9766 550
9767 409
9768 431
9769 499
9770 431
9771 549
9772 427
9773 15
9774 431
9775 431
9776 550
9777 429
9778 550
9779 552
9780 431
9781 431
9782 15
9783 427
9784 550
9785 427
9786 431
9787 427
9788 550
9789 427
9790 472
9791 431
9792 550
9793 427
9794 549
9795 550
9796 427
9797 29
9798 431
9799 549
9800 29
9801 431
9802 431
9803 427
9804 550
9805 431
9806 552
9807 474
9808 552
9809 29
9810 552
9811 427
9812 552
9813 409
9814 431
9815 550
9816 427
9817 483
9818 427
9819 427
9820 427
9821 427
9822 472
9823 552
9824 483
9825 427
9826 429
9827 472
9828 427
9829 549
9830 15
9831 431
9832 409
9833 552
9834 499
9835 409
9836 550
9837 427
9838 427
9839 550
9840 474
9841 431
9842 550
9843 431
9844 15
9845 431
9846 29
9847 29
9848 427
9849 549
9850 427
9851 427
9852 474
9853 409
9854 549
9855 427
9856 550
9857 431
9858 431
9859 431
9860 29
9861 549
9862 431
9863 431
9864 550
9865 550
9866 499
9867 427
9868 427
9869 29
9870 15
9871 29
9872 550
9873 550
9874 427
9875 431
9876 550
9877 409
9878 550
9879 427
9880 431
9881 429
9882 427
9883 427
9884 427
9885 427
9886 483
9887 552
9888 29
9889 548
9890 431
9891 548
9892 15
9893 427
9894 409
9895 483
9896 549
9897 431
9898 29
9899 15
9900 550
9901 268
9902 431
9903 29
9904 549
9905 550
9906 549
9907 431
9908 431
9909 15
9910 550
9911 427
9912 427
9913 552
9914 550
9915 552
9916 550
9917 427
9918 427
9919 552
9920 431
9921 552
9922 550
9923 549
9924 427
9925 427
9926 427
9927 483
9928 427
9929 431
9930 550
9931 431
9932 427
9933 427
9934 431
9935 431
9936 427
9937 15
9938 427
9939 15
9940 550
9941 29
9942 552
9943 431
9944 472
9945 427
9946 427
9947 552
9948 431
9949 431
9950 409
9951 427
9952 427
9953 427
9954 550
9955 427
9956 431
9957 499
9958 550
9959 15
9960 550
9961 425
9962 409
9963 499
9964 472
9965 29
9966 427
9967 550
9968 431
9969 549
9970 29
9971 15
9972 427
9973 474
9974 429
9975 427
9976 483
9977 548
9978 427
9979 427
9980 29
9981 409
9982 431
9983 427
9984 552
9985 431
9986 472
9987 15
9988 550
9989 427
9990 29
9991 552
9992 549
9993 431
9994 427
9995 431
9996 431
9997 427
9998 549
9999 431
10000 431
10001 431
10002 427
10003 427
10004 431
10005 427
10006 431
10007 431
10008 429
10009 552
10010 409
10011 427
10012 429
10013 427
10014 429
10015 427
10016 427
10017 431
10018 552
10019 427
10020 549
10021 548
10022 15
10023 548
10024 549
10025 427
10026 552
10027 549
10028 552
10029 550
10030 552
10031 429
10032 427
10033 425
10034 29
10035 499
10036 429
10037 268
10038 431
10039 427
10040 474
10041 472
10042 548
10043 550
10044 431
10045 552
10046 15
10047 427
10048 427
10049 548
10050 15
10051 550
10052 550
10053 427
10054 427
10055 427
10056 499
10057 429
10058 427
10059 549
10060 268
10061 29
10062 427
10063 427
10064 409
10065 427
10066 427
10067 431
10068 427
10069 427
10070 550
10071 552
10072 474
10073 549
10074 427
10075 431
10076 427
10077 550
10078 431
10079 15
10080 427
10081 499
10082 550
10083 483
10084 474
10085 15
10086 427
10087 474
10088 427
10089 552
10090 427
10091 552
10092 548
10093 409
10094 431
10095 550
10096 550
10097 472
10098 431
10099 549
10100 483
10101 431
10102 472
10103 552
10104 549
10105 427
10106 431
10107 548
10108 340
10109 549
10110 548
10111 550
10112 431
10113 15
10114 550
10115 431
10116 427
10117 29
10118 29
10119 427
10120 431
10121 427
10122 431
10123 550
10124 427
10125 427
10126 549
10127 550
10128 427
10129 427
10130 431
10131 427
10132 472
10133 552
10134 431
10135 427
10136 427
10137 431
10138 550
10139 499
10140 499
10141 15
10142 431
10143 15
10144 431
10145 431
10146 15
10147 431
10148 549
10149 549
10150 427
10151 409
10152 499
10153 15
10154 552
10155 474
10156 431
10157 427
10158 550
10159 550
10160 427
10161 549
10162 429
10163 427
10164 550
10165 431
10166 550
10167 29
10168 474
10169 427
10170 29
10171 548
10172 549
10173 548
10174 483
10175 550
10176 550
10177 483
10178 550
10179 15
10180 427
10181 431
10182 431
10183 431
10184 427
10185 427
10186 29
10187 427
10188 409
10189 499
10190 427
10191 427
10192 548
10193 427
10194 483
10195 29
10196 549
10197 340
10198 431
10199 431
10200 499
10201 431
10202 431
10203 409
10204 427
10205 548
10206 409
10207 474
10208 550
10209 431
10210 550
10211 550
10212 552
10213 431
10214 429
10215 409
10216 427
10217 427
10218 409
10219 431
10220 550
10221 431
10222 15
10223 552
10224 268
10225 548
10226 550
10227 431
10228 427
10229 552
10230 550
10231 427
10232 474
10233 427
10234 499
10235 548
10236 548
10237 483
10238 427
10239 427
10240 431
10241 550
10242 552
10243 431
10244 552
10245 550
10246 474
10247 427
10248 427
10249 550
10250 427
10251 431
10252 427
10253 549
10254 431
10255 427
10256 431
10257 268
10258 15
10259 409
10260 427
10261 549
10262 550
10263 550
10264 474
10265 474
10266 549
10267 552
10268 429
10269 409
10270 431
10271 474
10272 427
10273 548
10274 429
10275 409
10276 550
10277 552
10278 549
10279 15
10280 431
10281 472
10282 550
10283 431
10284 409
10285 549
10286 409
10287 548
10288 431
10289 268
10290 29
10291 431
10292 431
10293 15
10294 483
10295 429
10296 431
10297 409
10298 409
10299 549
10300 549
10301 427
10302 427
10303 550
10304 29
10305 549
10306 549
10307 427
10308 549
10309 499
10310 427
10311 549
10312 549
10313 268
10314 262
10315 15
10316 499
10317 427
10318 427
10319 474
10320 552
10321 268
10322 499
10323 550
10324 427
10325 427
10326 429
10327 474
10328 549
10329 483
10330 550
10331 29
10332 474
10333 427
10334 431
10335 550
10336 431
10337 550
10338 549
10339 552
10340 552
10341 550
10342 552
10343 427
10344 15
10345 550
10346 474
10347 409
10348 552
10349 483
10350 483
10351 427
10352 427
10353 15
10354 427
10355 549
10356 425
10357 499
10358 29
10359 550
10360 472
10361 409
10362 427
10363 550
10364 427
10365 29
10366 550
10367 427
10368 409
10369 429
10370 552
10371 548
10372 548
10373 97
10374 550
10375 427
10376 427
10377 427
10378 268
10379 431
10380 427
10381 427
10382 427
10383 548
10384 425
10385 431
10386 15
10387 474
10388 431
10389 550
10390 549
10391 429
10392 431
10393 431
10394 552
10395 431
10396 499
10397 431
10398 550
10399 29
10400 427
10401 15
10402 431
10403 427
10404 550
10405 15
10406 427
10407 431
10408 550
10409 548
10410 550
10411 427
10412 427
10413 427
10414 15
10415 549
10416 429
10417 427
10418 483
10419 550
10420 472
10421 431
10422 29
10423 431
10424 472
10425 427
10426 552
10427 427
10428 552
10429 427
10430 15
10431 15
10432 483
10433 427
10434 549
10435 427
10436 550
10437 409
10438 431
10439 409
10440 427
10441 431
10442 427
10443 474
10444 15
10445 29
10446 431
10447 431
10448 431
10449 431
10450 431
10451 550
10452 268
10453 409
10454 427
10455 431
10456 548
10457 427
10458 427
10459 552
10460 550
10461 268
10462 499
10463 550
10464 427
10465 427
10466 427
10467 550
10468 15
10469 549
10470 431
10471 431
10472 427
10473 431
10474 29
10475 552
10476 340
10477 427
10478 552
10479 550
10480 427
10481 427
10482 550
10483 29
10484 549
10485 427
10486 550
10487 431
10488 474
10489 474
10490 550
10491 431
10492 427
10493 409
10494 550
10495 431
10496 552
10497 550
10498 409
10499 409
10500 472
10501 409
10502 431
10503 549
10504 427
10505 409
10506 552
10507 431
10508 549
10509 550
10510 431
10511 29
10512 552
10513 431
10514 427
10515 427
10516 409
10517 427
10518 409
10519 429
10520 427
10521 549
10522 474
10523 427
10524 427
10525 15
10526 409
10527 550
10528 549
10529 549
10530 29
10531 483
10532 431
10533 472
10534 550
10535 550
10536 550
10537 474
10538 15
10539 472
10540 427
10541 427
10542 483
10543 429
10544 427
10545 550
10546 499
10547 29
10548 15
10549 431
10550 427
10551 552
10552 427
10553 429
10554 474
10555 550
10556 427
10557 409
10558 431
10559 550
10560 15
10561 427
10562 550
10563 472
10564 427
10565 29
10566 29
10567 15
10568 427
10569 427
10570 427
10571 548
10572 431
10573 483
10574 409
10575 427
10576 409
10577 550
10578 427
10579 268
10580 549
10581 431
10582 552
10583 427
10584 550
10585 427
10586 427
10587 549
10588 483
10589 427
10590 499
10591 15
10592 15
10593 550
10594 427
10595 474
10596 427
10597 427
10598 550
10599 552
10600 431
10601 15
10602 427
10603 550
10604 549
10605 429
10606 550
10607 427
10608 427
10609 549
10610 550
10611 474
10612 550
10613 427
10614 550
10615 427
10616 409
10617 409
10618 427
10619 427
10620 427
10621 549
10622 472
10623 548
10624 15
10625 550
10626 431
10627 427
10628 483
10629 29
10630 483
10631 549
10632 550
10633 550
10634 427
10635 472
10636 549
10637 548
10638 549
10639 431
10640 427
10641 268
10642 427
10643 409
10644 550
10645 549
10646 550
10647 427
10648 29
10649 427
10650 427
10651 425
10652 429
10653 427
10654 427
10655 552
10656 29
10657 552
10658 550
10659 15
10660 550
10661 15
10662 427
10663 409
10664 548
10665 427
10666 550
10667 548
10668 431
10669 550
10670 429
10671 549
10672 429
10673 427
10674 548
10675 431
10676 472
10677 431
10678 409
10679 29
10680 15
10681 427
10682 548
10683 550
10684 409
10685 409
10686 431
10687 431
10688 431
10689 549
10690 550
10691 552
10692 549
10693 549
10694 548
10695 29
10696 427
10697 29
10698 427
10699 427
10700 409
10701 427
10702 550
10703 427
10704 268
10705 29
10706 550
10707 431
10708 474
10709 472
10710 431
10711 549
10712 29
10713 550
10714 431
10715 431
10716 549
10717 550
10718 409
10719 549
10720 431
10721 15
10722 427
10723 431
10724 431
10725 431
10726 483
10727 409
10728 15
10729 427
10730 427
10731 474
10732 409
10733 549
10734 431
10735 548
10736 483
10737 427
10738 429
10739 29
10740 427
10741 427
10742 552
10743 549
10744 550
10745 431
10746 427
10747 431
10748 427
10749 427
10750 552
10751 409
10752 474
10753 431
10754 427
10755 427
10756 355
10757 29
10758 427
10759 29
10760 427
10761 550
10762 499
10763 499
10764 550
10765 429
10766 549
10767 15
10768 427
10769 550
10770 427
10771 427
10772 550
10773 29
10774 15
10775 15
10776 427
10777 550
10778 425
10779 427
10780 549
10781 474
10782 427
10783 268
10784 550
10785 548
10786 15
10787 431
10788 550
10789 474
10790 29
10791 549
10792 472
10793 29
10794 472
10795 427
10796 550
10797 409
10798 29
10799 427
10800 427
10801 499
10802 427
10803 549
10804 427
10805 429
10806 427
10807 427
10808 427
10809 427
10810 474
10811 474
10812 427
10813 550
10814 431
10815 427
10816 499
10817 431
10818 472
10819 427
10820 499
10821 550
10822 550
10823 431
10824 550
10825 483
10826 427
10827 427
10828 15
10829 550
10830 431
10831 549
10832 552
10833 431
10834 427
10835 548
10836 499
10837 550
10838 549
10839 268
10840 409
10841 431
10842 427
10843 550
10844 429
10845 431
10846 409
10847 15
10848 427
10849 472
10850 427
10851 431
10852 427
10853 431
10854 474
10855 431
10856 549
10857 427
10858 427
10859 549
10860 429
10861 431
10862 549
10863 552
10864 427
10865 409
10866 472
10867 472
10868 548
10869 409
10870 427
10871 550
10872 431
10873 427
10874 15
10875 550
10876 549
10877 427
10878 552
10879 549
10880 550
10881 550
10882 550
10883 427
10884 268
10885 427
10886 427
10887 427
10888 431
10889 483
10890 427
10891 409
10892 409
10893 474
10894 429
10895 431
10896 431
10897 431
10898 427
10899 15
10900 552
10901 549
10902 427
10903 549
10904 550
10905 427
10906 472
10907 427
10908 431
10909 427
10910 427
10911 483
10912 427
10913 550
10914 431
10915 29
10916 15
10917 552
10918 427
10919 29
10920 552
10921 552
10922 427
10923 268
10924 549
10925 552
10926 15
10927 483
10928 431
10929 29
10930 552
10931 427
10932 431
10933 499
10934 431
10935 268
10936 427
10937 427
10938 427
10939 472
10940 552
10941 15
10942 427
10943 548
10944 552
10945 550
10946 474
10947 431
10948 427
10949 431
10950 483
10951 474
10952 552
10953 29
10954 550
10955 427
10956 549
10957 548
10958 427
10959 427
10960 427
10961 427
10962 483
10963 431
10964 409
10965 268
10966 431
10967 431
10968 550
10969 550
10970 550
10971 552
10972 550
10973 427
10974 550
10975 427
10976 550
10977 550
10978 29
10979 409
10980 552
10981 409
10982 427
10983 550
10984 431
10985 548
10986 431
10987 409
10988 431
10989 431
10990 431
10991 550
10992 29
10993 29
10994 427
10995 549
10996 427
10997 549
10998 431
10999 472
11000 499
11001 550
11002 15
11003 429
11004 427
11005 268
11006 427
11007 427
11008 550
11009 29
11010 427
11011 427
11012 427
11013 549
11014 29
11015 15
11016 29
11017 29
11018 474
11019 427
11020 15
11021 550
11022 431
11023 549
11024 427
11025 29
11026 548
11027 427
11028 427
11029 549
11030 29
11031 15
11032 474
11033 552
11034 552
11035 550
11036 429
11037 427
11038 550
11039 427
11040 15
11041 429
11042 431
11043 427
11044 429
11045 427
11046 431
11047 427
11048 550
11049 427
11050 427
11051 427
11052 15
11053 15
11054 431
11055 431
11056 427
11057 549
11058 550
11059 429
11060 427
11061 483
11062 431
11063 552
11064 431
11065 550
11066 427
11067 474
11068 431
11069 550
11070 427
11071 549
11072 483
11073 549
11074 550
11075 29
11076 427
11077 409
11078 550
11079 425
11080 427
11081 491
11082 427
11083 549
11084 409
11085 431
11086 499
11087 427
11088 427
11089 427
11090 550
11091 549
11092 427
11093 550
11094 15
11095 409
11096 431
11097 29
11098 550
11099 431
11100 268
11101 552
11102 15
11103 427
11104 552
11105 427
11106 29
11107 472
11108 429
11109 427
11110 427
11111 427
11112 15
11113 499
11114 474
11115 431
11116 550
11117 429
11118 431
11119 409
11120 474
11121 427
11122 552
11123 427
11124 15
11125 483
11126 15
11127 552
11128 483
11129 431
11130 427
11131 550
11132 549
11133 550
11134 427
11135 427
11136 427
11137 429
11138 409
11139 409
11140 550
11141 431
11142 427
11143 427
11144 409
11145 550
11146 549
11147 550
11148 550
11149 427
11150 552
11151 427
11152 427
11153 548
11154 15
11155 29
11156 474
11157 431
11158 549
11159 548
11160 550
11161 427
11162 474
11163 427
11164 550
11165 431
11166 552
11167 549
11168 427
11169 427
11170 427
11171 29
11172 427
11173 29
11174 15
11175 409
11176 409
11177 429
11178 483
11179 29
11180 427
11181 552
11182 548
11183 268
11184 15
11185 427
11186 268
11187 429
11188 431
11189 15
11190 550
11191 15
11192 427
11193 431
11194 409
11195 29
11196 427
11197 427
11198 427
11199 483
11200 474
11201 29
11202 427
11203 548
11204 431
11205 550
11206 268
11207 15
11208 550
11209 550
11210 552
11211 431
11212 29
11213 431
11214 427
11215 425
11216 474
11217 427
11218 427
11219 472
11220 427
11221 268
11222 431
11223 409
11224 427
11225 409
11226 549
11227 552
11228 431
11229 15
11230 431
11231 427
11232 547
11233 29
11234 429
11235 550
11236 549
11237 472
11238 409
11239 552
11240 427
11241 431
11242 431
11243 550
11244 499
11245 268
11246 549
11247 483
11248 431
11249 431
11250 427
11251 552
11252 472
11253 15
11254 549
11255 499
11256 431
11257 499
11258 431
11259 427
11260 550
11261 427
11262 427
11263 427
11264 29
11265 431
11266 472
11267 550
11268 550
11269 431
11270 552
11271 499
11272 15
11273 427
11274 548
11275 29
11276 431
11277 427
11278 431
11279 552
11280 427
11281 427
11282 427
11283 427
11284 429
11285 549
11286 427
11287 29
11288 427
11289 409
11290 427
11291 429
11292 550
11293 15
11294 29
11295 427
11296 427
11297 429
11298 409
11299 499
11300 409
11301 427
11302 549
11303 550
11304 431
11305 427
11306 427
11307 427
11308 550
11309 427
11310 552
11311 431
11312 549
11313 427
11314 29
11315 499
11316 431
11317 427
11318 569
11319 29
11320 550
11321 431
11322 409
11323 431
11324 431
11325 409
11326 431
11327 409
11328 552
11329 427
11330 431
11331 429
11332 550
11333 550
11334 427
11335 472
11336 431
11337 427
11338 431
11339 29
11340 549
11341 409
11342 474
11343 550
11344 427
11345 552
11346 431
11347 483
11348 548
11349 550
11350 29
11351 550
11352 427
11353 29
11354 549
11355 548
11356 474
11357 431
11358 427
11359 431
11360 549
11361 472
11362 552
11363 549
11364 550
11365 431
11366 549
11367 15
11368 431
11369 427
11370 549
11371 478
11372 423
11373 570
11374 571
11375 432
11376 478
11377 348
11378 474
11379 572
11380 478
11381 423
