1897 258
1898 88
1899 227
1900 236
1901 257
1902 15
1903 237
1904 91
1905 239
1906 237
1907 257
1908 110
1909 69
1910 91
1911 69
1912 254
1913 241
1914 85
1915 246
1916 239
1917 5
1918 236
1919 69
1920 91
1921 246
1922 243
1923 244
1924 245
1925 91
1926 88
1927 91
1928 246
1929 50
1930 244
1931 88
1932 262
1933 68
1934 3
1935 45
1936 245
1937 239
1938 88
1939 238
1940 239
1941 16
1942 244
1943 237
1944 91
1945 236
1946 246
1947 5
1948 15
1949 247
1950 237
1951 247
1952 239
1953 238
1954 88
1955 91
1956 244
1957 247
1958 222
1959 305
1960 69
1961 257
1962 246
1963 52
1964 237
1965 249
1966 91
1967 11
1968 91
1969 237
1970 239
1971 69
1972 236
1973 239
1974 257
1975 52
1976 244
1977 91
1978 68
1979 110
1980 69
1981 239
1982 244
1983 3
1984 91
1985 88
1986 88
1987 236
1988 80
1989 238
1990 248
1991 91
1992 69
1993 91
1994 91
1995 88
1996 222
1997 44
1998 237
1999 8
2000 245
2001 248
2002 236
2003 84
2004 236
2005 91
2006 257
2007 253
2008 236
2009 236
2010 47
2011 254
2012 243
2013 91
2014 88
2015 256
2016 88
2017 237
2018 45
2019 248
2020 31
2021 253
2022 237
2023 239
2024 248
2025 243
2026 248
2027 69
2028 241
2029 245
2030 84
2031 237
2032 116
2033 254
2034 249
2035 91
2036 244
2037 91
2038 5
2039 239
2040 16
2041 67
2042 69
2043 5
2044 48
2045 258
2046 91
2047 116
2048 238
2049 243
2050 5
2051 91
2052 257
2053 239
2054 238
2055 5
2056 248
2057 91
2058 91
2059 237
2060 258
2061 258
2062 88
2063 219
2064 50
2065 246
2066 91
2067 88
2068 243
2069 237
2070 85
2071 88
2072 243
2073 91
2074 91
2075 239
2076 91
2077 69
2078 305
2079 237
2080 236
2081 91
2082 244
2083 88
2084 246
2085 239
2086 68
2087 20
2088 244
2089 98
2090 237
2091 239
2092 80
2093 3
2094 243
2095 91
2096 239
2097 91
2098 236
2099 237
2100 91
2101 257
2102 258
2103 246
2104 91
2105 91
2106 253
2107 237
2108 239
2109 68
2110 91
2111 241
2112 236
2113 48
2114 88
2115 237
2116 44
2117 91
2118 236
2119 16
2120 248
2121 248
2122 239
2123 246
2124 244
2125 245
2126 244
2127 3
2128 236
2129 236
2130 244
2131 69
2132 243
2133 241
2134 260
2135 241
2136 50
2137 91
2138 239
2139 5
2140 246
2141 91
2142 246
2143 30
2144 3
2145 48
2146 88
2147 246
2148 239
2149 8
2150 237
2151 110
2152 91
2153 238
2154 15
2155 88
2156 88
2157 237
2158 48
2159 237
2160 239
2161 237
2162 69
2163 91
2164 246
2165 238
2166 219
2167 236
2168 236
2169 97
2170 236
2171 89
2172 258
2173 69
2174 244
2175 91
2176 88
2177 88
2178 246
2179 246
2180 236
2181 91
2182 328
2183 246
2184 91
2185 239
2186 237
2187 91
2188 25
2189 88
2190 268
2191 44
2192 52
2193 25
2194 237
2195 69
2196 21
2197 236
2198 69
2199 245
2200 69
2201 48
2202 247
2203 247
2204 50
2205 50
2206 243
2207 241
2208 241
2209 91
2210 237
2211 244
2212 88
2213 227
2214 241
2215 243
2216 48
2217 262
2218 91
2219 91
2220 47
2221 241
2222 89
2223 221
2224 243
2225 236
2226 239
2227 221
2228 72
2229 236
2230 239
2231 246
2232 239
2233 248
2234 245
2235 246
2236 236
2237 258
2238 91
2239 248
2240 246
2241 241
2242 237
2243 236
2244 244
2245 236
2246 236
2247 68
2248 3
2249 91
2250 253
2251 91
2252 245
2253 243
2254 254
2255 48
2256 91
2257 237
2258 32
2259 222
2260 239
2261 222
2262 243
2263 88
2264 88
2265 248
2266 244
2267 239
2268 237
2269 5
2270 88
2271 91
2272 246
2273 88
2274 91
2275 89
2276 41
2277 248
2278 253
2279 91
2280 258
2281 237
2282 16
2283 239
2284 248
2285 239
2286 239
2287 91
2288 52
2289 239
2290 239
2291 3
2292 244
2293 91
2294 246
2295 238
2296 257
2297 237
2298 239
2299 248
2300 89
2301 50
2302 91
2303 91
2304 31
2305 237
2306 91
2307 262
2308 243
2309 91
2310 248
2311 248
2312 254
2313 88
2314 236
2315 249
2316 253
2317 69
2318 221
2319 258
2320 237
2321 50
2322 91
2323 16
2324 237
2325 5
2326 91
2327 237
2328 244
2329 69
2330 69
2331 30
2332 85
2333 30
2334 253
2335 91
2336 221
2337 253
2338 260
2339 116
2340 244
2341 237
2342 243
2343 88
2344 69
2345 244
2346 68
2347 16
2348 237
2349 239
2350 5
2351 239
2352 69
2353 72
2354 239
2355 239
2356 245
2357 249
2358 88
2359 91
2360 239
2361 236
2362 91
2363 239
2364 243
2365 246
2366 91
2367 268
2368 88
2369 246
2370 246
2371 69
2372 91
2373 237
2374 5
2375 246
2376 246
2377 88
2378 238
2379 253
2380 236
2381 29
2382 236
2383 91
2384 91
2385 15
2386 88
2387 31
2388 236
2389 91
2390 246
2391 91
2392 69
2393 91
2394 84
2395 239
2396 237
2397 239
2398 241
2399 91
2400 248
2401 88
2402 88
2403 91
2404 246
2405 237
2406 245
2407 219
2408 238
2409 239
2410 242
2411 69
2412 237
2413 88
2414 82
2415 88
2416 221
2417 48
2418 239
2419 116
2420 222
2421 221
2422 244
2423 245
2424 91
2425 88
2426 321
2427 237
2428 239
2429 69
2430 249
2431 262
2432 236
2433 246
2434 31
2435 91
2436 69
2437 246
2438 236
2439 268
2440 239
2441 88
2442 239
2443 238
2444 246
2445 91
2446 88
2447 253
2448 91
2449 248
2450 243
2451 67
2452 236
2453 221
2454 91
2455 16
2456 5
2457 30
2458 246
2459 88
2460 236
2461 237
2462 236
2463 237
2464 246
2465 88
2466 246
2467 16
2468 2
2469 246
2470 239
2471 236
2472 15
2473 239
2474 91
2475 84
2476 246
2477 50
2478 88
2479 91
2480 116
2481 236
2482 91
2483 98
2484 91
2485 239
2486 91
2487 236
2488 239
2489 246
2490 88
2491 91
2492 116
2493 88
2494 222
2495 239
2496 91
2497 88
2498 239
2499 12
2500 222
2501 238
2502 69
2503 45
2504 236
2505 91
2506 11
2507 222
2508 91
2509 69
2510 88
2511 31
2512 243
2513 237
2514 236
2515 244
2516 12
2517 238
2518 243
2519 91
2520 44
2521 246
2522 91
2523 91
2524 237
2525 248
2526 88
2527 248
2528 52
2529 246
2530 236
2531 69
2532 262
2533 262
2534 84
2535 45
2536 88
2537 48
2538 246
2539 69
2540 237
2541 91
2542 5
2543 91
2544 237
2545 249
2546 91
2547 80
2548 3
2549 5
2550 238
2551 91
2552 88
2553 245
2554 244
2555 236
2556 236
2557 242
2558 246
2559 91
2560 91
2561 246
2562 244
2563 91
2564 241
2565 222
2566 262
2567 222
2568 249
2569 221
2570 237
2571 91
2572 236
2573 45
2574 221
2575 258
2576 5
2577 238
2578 257
2579 222
2580 246
2581 116
2582 243
2583 91
2584 256
2585 253
2586 248
2587 69
2588 45
2589 236
2590 227
2591 239
2592 91
2593 239
2594 236
2595 91
2596 116
2597 88
2598 91
2599 237
2600 329
2601 222
2602 237
2603 91
2604 305
2605 91
2606 222
2607 258
2608 236
2609 253
2610 241
2611 91
2612 236
2613 32
2614 18
2615 237
2616 236
2617 50
2618 244
2619 91
2620 11
2621 48
2622 84
2623 257
2624 237
2625 258
2626 236
2627 45
2628 31
2629 5
2630 84
2631 134
2632 244
2633 239
2634 219
2635 236
2636 88
2637 3
2638 239
2639 246
2640 91
2641 243
2642 236
2643 222
2644 91
2645 236
2646 246
2647 239
2648 91
2649 69
2650 246
2651 244
2652 47
2653 239
2654 239
2655 237
2656 5
2657 33
2658 238
2659 221
2660 45
2661 239
2662 268
2663 52
2664 239
2665 249
2666 262
2667 68
2668 91
2669 237
2670 243
2671 69
2672 221
2673 89
2674 237
2675 236
2676 3
2677 16
2678 44
2679 246
2680 91
2681 236
2682 88
2683 88
2684 237
2685 236
2686 16
2687 237
2688 245
2689 110
2690 44
2691 253
2692 25
2693 50
2694 244
2695 249
2696 68
2697 236
2698 246
2699 241
2700 88
2701 237
2702 246
2703 116
2704 237
2705 239
2706 16
2707 69
2708 45
2709 239
2710 231
2711 239
2712 246
2713 88
2714 237
2715 237
2716 84
2717 249
2718 221
2719 239
2720 69
2721 236
2722 239
2723 15
2724 91
2725 249
2726 239
2727 31
2728 84
2729 247
2730 239
2731 91
2732 244
2733 30
2734 236
2735 3
2736 236
2737 330
2738 305
2739 5
2740 91
2741 246
2742 16
2743 257
2744 236
2745 237
2746 91
2747 244
2748 241
2749 68
2750 69
2751 237
2752 237
2753 3
2754 227
2755 239
2756 236
2757 254
2758 16
2759 239
2760 69
2761 29
2762 5
2763 237
2764 239
2765 331
2766 8
2767 48
2768 221
2769 91
2770 239
2771 88
2772 16
2773 248
2774 243
2775 69
2776 239
2777 73
2778 246
2779 237
2780 247
2781 45
2782 91
2783 91
2784 246
2785 236
2786 237
2787 248
2788 241
2789 221
2790 237
2791 91
2792 91
2793 91
2794 221
2795 91
2796 236
2797 237
2798 88
2799 237
2800 243
2801 45
2802 88
2803 239
2804 84
2805 248
2806 237
2807 5
2808 236
2809 237
2810 236
2811 246
2812 236
2813 91
2814 332
2815 51
2816 236
2817 253
2818 88
2819 116
2820 5
2821 239
2822 91
2823 85
2824 236
2825 241
2826 88
2827 91
2828 246
2829 91
2830 253
2831 246
2832 48
2833 50
2834 239
2835 44
2836 248
2837 321
2838 68
2839 268
2840 88
2841 84
2842 69
2843 88
2844 253
2845 237
2846 258
2847 245
2848 91
2849 91
2850 88
2851 246
2852 239
2853 246
2854 239
2855 91
2856 248
2857 91
2858 236
2859 84
2860 5
2861 238
2862 88
2863 236
2864 238
2865 245
2866 91
2867 248
2868 236
2869 236
2870 246
2871 246
2872 244
2873 246
2874 248
2875 239
2876 110
2877 25
2878 243
2879 69
2880 241
2881 48
2882 236
2883 243
2884 91
2885 248
2886 258
2887 239
2888 239
2889 239
2890 237
2891 237
2892 71
2893 219
2894 243
2895 237
2896 5
2897 91
2898 241
2899 16
2900 88
2901 5
2902 33
2903 248
2904 82
2905 246
2906 239
2907 222
2908 236
2909 91
2910 239
2911 244
2912 88
2913 84
2914 238
2915 91
2916 221
2917 88
2918 237
2919 333
2920 88
2921 239
2922 219
2923 91
2924 69
2925 237
2926 237
2927 221
2928 236
2929 244
2930 236
2931 243
2932 239
2933 88
2934 245
2935 88
2936 91
2937 69
2938 69
2939 16
2940 91
2941 91
2942 88
2943 11
2944 334
2945 88
2946 5
2947 237
2948 88
2949 248
2950 239
2951 69
2952 88
2953 239
2954 11
2955 116
2956 16
2957 238
2958 246
2959 85
2960 91
2961 243
2962 25
2963 241
2964 246
2965 91
2966 248
2967 91
2968 91
2969 237
2970 91
2971 91
2972 91
2973 244
2974 237
2975 91
2976 236
2977 246
2978 3
2979 244
2980 9
2981 237
2982 239
2983 257
2984 91
2985 91
2986 91
2987 243
2988 239
2989 236
2990 236
2991 28
2992 91
2993 257
2994 84
2995 88
2996 237
2997 88
2998 257
2999 248
3000 239
3001 247
3002 246
3003 72
3004 239
3005 88
3006 241
3007 236
3008 5
3009 254
3010 91
3011 45
3012 236
3013 69
3014 243
3015 84
3016 237
3017 221
3018 239
3019 244
3020 237
3021 88
3022 3
3023 88
3024 45
3025 16
3026 246
3027 91
3028 237
3029 253
3030 238
3031 91
3032 237
3033 222
3034 88
3035 254
3036 239
3037 236
3038 69
3039 245
3040 246
3041 69
3042 88
3043 91
3044 91
3045 91
3046 236
3047 88
3048 227
3049 88
3050 45
3051 237
3052 91
3053 91
3054 239
3055 91
3056 335
3057 69
3058 21
3059 244
3060 227
3061 236
3062 248
3063 69
3064 88
3065 69
3066 239
3067 237
3068 88
3069 244
3070 69
3071 237
3072 236
3073 89
3074 91
3075 237
3076 249
3077 239
3078 98
3079 246
3080 221
3081 244
3082 241
3083 50
3084 91
3085 91
3086 238
3087 45
3088 258
3089 5
3090 88
3091 305
3092 257
3093 237
3094 248
3095 3
3096 237
3097 98
3098 3
3099 91
3100 244
3101 262
3102 91
3103 236
3104 221
3105 236
3106 16
3107 236
3108 16
3109 91
3110 253
3111 5
3112 249
3113 91
3114 29
3115 85
3116 91
3117 246
3118 236
3119 91
3120 258
3121 237
3122 238
3123 50
3124 91
3125 239
3126 236
3127 54
3128 254
3129 88
3130 248
3131 91
3132 245
3133 268
3134 91
3135 254
3136 246
3137 236
3138 243
3139 91
3140 91
3141 248
3142 248
3143 91
3144 253
3145 237
3146 253
3147 88
3148 246
3149 236
3150 238
3151 246
3152 84
3153 237
3154 237
3155 98
3156 236
3157 237
3158 91
3159 253
3160 91
3161 336
3162 249
3163 237
3164 110
3165 69
3166 337
3167 239
3168 85
3169 227
3170 91
3171 237
3172 69
3173 258
3174 246
3175 91
3176 91
3177 254
3178 227
3179 3
3180 88
3181 84
3182 16
3183 91
3184 249
3185 15
3186 16
3187 244
3188 237
3189 91
3190 239
3191 248
3192 89
3193 221
3194 237
3195 237
3196 88
3197 239
3198 25
3199 338
3200 236
3201 5
3202 237
3203 237
3204 239
3205 248
3206 244
3207 227
3208 246
3209 91
3210 91
3211 88
3212 244
3213 88
3214 110
3215 243
3216 248
3217 236
3218 88
3219 91
3220 238
3221 237
3222 243
3223 44
3224 248
3225 239
3226 89
3227 254
3228 254
3229 237
3230 239
3231 91
3232 237
3233 245
3234 246
3235 243
3236 69
3237 238
3238 262
3239 44
3240 88
3241 5
3242 88
3243 236
3244 91
3245 239
3246 88
3247 258
3248 237
3249 253
3250 239
3251 246
3252 245
3253 246
3254 84
3255 88
3256 236
3257 91
3258 91
3259 246
3260 91
3261 116
3262 91
3263 69
3264 236
3265 236
3266 253
3267 236
3268 91
3269 237
3270 91
3271 30
3272 91
3273 16
3274 52
3275 254
3276 5
3277 88
3278 237
3279 91
3280 248
3281 110
3282 253
3283 69
3284 221
3285 237
3286 236
3287 5
3288 68
3289 50
3290 237
3291 239
3292 88
3293 88
3294 256
3295 237
3296 254
3297 238
3298 246
3299 236
3300 88
3301 246
3302 238
3303 91
3304 85
3305 45
3306 262
3307 243
3308 237
3309 91
3310 69
3311 45
3312 88
3313 247
3314 9
3315 91
3316 246
3317 16
3318 91
3319 262
3320 91
3321 248
3322 239
3323 48
3324 236
3325 222
3326 84
3327 50
3328 116
3329 5
3330 91
3331 246
3332 91
3333 116
3334 237
3335 221
3336 258
3337 5
3338 84
3339 246
3340 237
3341 88
3342 88
3343 91
3344 262
3345 91
3346 237
3347 227
3348 258
3349 91
3350 237
3351 239
3352 268
3353 236
3354 98
3355 239
3356 68
3357 88
3358 236
3359 91
3360 237
3361 237
3362 246
3363 50
3364 91
3365 8
3366 236
3367 241
3368 16
3369 244
3370 5
3371 248
3372 31
3373 28
3374 48
3375 236
3376 15
3377 239
3378 257
3379 110
3380 69
3381 98
3382 221
3383 253
3384 236
3385 246
3386 91
3387 89
3388 239
3389 45
3390 91
3391 91
3392 91
3393 45
3394 253
3395 241
3396 246
3397 91
3398 50
3399 245
3400 254
3401 44
3402 91
3403 237
3404 237
3405 68
3406 237
3407 91
3408 253
3409 16
3410 245
3411 91
3412 257
3413 91
3414 243
3415 237
3416 91
3417 89
3418 88
3419 238
3420 91
3421 91
3422 91
3423 91
3424 236
3425 248
3426 91
3427 239
3428 239
3429 244
3430 237
3431 88
3432 5
3433 91
3434 248
3435 236
3436 5
3437 91
3438 54
3439 238
3440 236
3441 91
3442 91
3443 16
3444 236
3445 45
3446 51
3447 236
3448 258
3449 69
3450 91
3451 48
3452 238
3453 91
3454 16
3455 239
3456 88
3457 84
3458 254
3459 237
3460 238
3461 339
3462 244
3463 243
3464 91
3465 91
3466 237
3467 248
3468 237
3469 241
3470 88
3471 249
3472 5
3473 47
3474 238
3475 257
3476 241
3477 84
3478 91
3479 237
3480 248
3481 88
3482 254
3483 5
3484 222
3485 243
3486 340
3487 116
3488 227
3489 45
3490 246
3491 237
3492 258
3493 253
3494 88
3495 91
3496 50
3497 221
3498 88
3499 246
3500 254
3501 227
3502 257
3503 91
3504 236
3505 236
3506 91
3507 258
3508 88
3509 91
3510 16
3511 239
3512 22
3513 221
3514 91
3515 44
3516 246
3517 249
3518 91
3519 15
3520 243
3521 91
3522 236
3523 237
3524 237
3525 236
3526 237
3527 22
3528 16
3529 236
3530 239
3531 88
3532 239
3533 221
3534 5
3535 239
3536 69
3537 15
3538 237
3539 236
3540 88
3541 3
3542 246
3543 248
3544 341
3545 243
3546 5
3547 91
3548 91
3549 91
3550 89
3551 258
3552 222
3553 262
3554 91
3555 11
3556 246
3557 258
3558 239
3559 88
3560 248
3561 249
3562 237
3563 237
3564 239
3565 237
3566 91
3567 221
3568 236
3569 72
3570 237
3571 241
3572 25
3573 253
3574 241
3575 237
3576 221
3577 69
3578 91
3579 248
3580 84
3581 68
3582 88
3583 243
3584 239
3585 88
3586 69
3587 29
3588 237
3589 246
3590 238
3591 91
3592 5
3593 44
3594 241
3595 222
3596 239
3597 84
3598 91
3599 245
3600 246
3601 237
3602 33
3603 91
3604 221
3605 73
3606 84
3607 222
3608 247
3609 247
3610 91
3611 88
3612 69
3613 69
3614 246
3615 91
3616 84
3617 239
3618 91
3619 237
3620 52
3621 91
3622 241
3623 116
3624 237
3625 237
3626 88
3627 91
3628 68
3629 236
3630 246
3631 54
3632 69
3633 91
3634 91
3635 253
3636 221
3637 5
3638 241
3639 244
3640 241
3641 239
3642 245
3643 262
3644 257
3645 5
3646 253
3647 47
3648 3
3649 236
3650 88
3651 239
3652 236
3653 50
3654 246
3655 68
3656 342
3657 3
3658 80
3659 88
3660 222
3661 236
3662 241
3663 69
3664 248
3665 16
3666 239
3667 239
3668 258
3669 91
3670 91
3671 5
3672 16
3673 246
3674 85
3675 248
3676 222
3677 91
3678 236
3679 91
3680 69
3681 91
3682 91
3683 239
3684 88
3685 88
3686 237
3687 238
3688 3
3689 243
3690 239
3691 91
3692 237
3693 68
3694 245
3695 243
3696 91
3697 69
3698 246
3699 116
3700 91
3701 236
3702 25
3703 88
3704 222
3705 239
3706 91
3707 91
3708 88
3709 249
3710 247
3711 246
3712 89
3713 244
3714 33
3715 91
3716 91
3717 237
3718 134
3719 91
3720 246
3721 91
3722 88
3723 91
3724 236
3725 91
3726 80
3727 31
3728 48
3729 48
3730 237
3731 88
3732 50
3733 5
3734 16
3735 219
3736 16
3737 241
3738 239
3739 237
3740 246
3741 91
3742 239
3743 69
3744 3
3745 85
3746 16
3747 91
3748 91
3749 253
3750 248
3751 254
3752 243
3753 116
3754 237
3755 237
3756 91
3757 47
3758 241
3759 244
3760 244
3761 91
3762 222
3763 246
3764 237
3765 237
3766 88
3767 258
3768 237
3769 48
3770 246
3771 236
3772 116
3773 116
3774 84
3775 5
3776 237
3777 237
3778 237
3779 248
3780 237
3781 45
3782 15
3783 246
3784 54
3785 20
3786 222
3787 245
3788 260
3789 69
3790 243
3791 97
3792 71
3793 343
