1897 247
1898 7
1899 161
1900 243
1901 48
1902 221
1903 230
1904 73
1905 226
1906 52
1907 48
1908 55
1909 14
1910 103
1911 14
1912 258
1913 236
1914 62
1915 244
1916 2
1917 14
1918 243
1919 44
1920 103
1921 244
1922 95
1923 245
1924 266
1925 103
1926 7
1927 103
1928 246
1929 17
1930 245
1931 7
1932 85
1933 230
1934 245
1935 17
1936 266
1937 247
1938 7
1939 256
1940 226
1941 249
1942 245
1943 230
1944 103
1945 243
1946 229
1947 14
1948 103
1949 250
1950 230
1951 250
1952 226
1953 240
1954 7
1955 103
1956 245
1957 236
1958 90
1959 252
1960 14
1961 253
1962 244
1963 259
1964 226
1965 79
1966 103
1967 11
1968 103
1969 226
1970 230
1971 14
1972 243
1973 236
1974 253
1975 250
1976 254
1977 103
1978 255
1979 55
1980 14
1981 226
1982 245
1983 88
1984 103
1985 7
1986 7
1987 243
1988 255
1989 256
1990 252
1991 103
1992 14
1993 103
1994 103
1995 7
1996 11
1997 88
1998 247
1999 1
2000 266
2001 252
2002 243
2003 115
2004 93
2005 103
2006 253
2007 257
2008 243
2009 243
2010 187
2011 258
2012 95
2013 103
2014 7
2015 14
2016 7
2017 230
2018 17
2019 252
2020 31
2021 257
2022 226
2023 236
2024 252
2025 95
2026 252
2027 9
2028 236
2029 266
2030 115
2031 226
2032 278
2033 258
2034 14
2035 103
2036 245
2037 103
2038 14
2039 230
2040 249
2041 244
2042 14
2043 14
2044 44
2045 230
2046 103
2047 247
2048 256
2049 95
2050 14
2051 103
2052 253
2053 230
2054 240
2055 14
2056 252
2057 103
2058 103
2059 247
2060 230
2061 344
2062 7
2063 90
2064 243
2065 246
2066 103
2067 7
2068 95
2069 226
2070 17
2071 7
2072 95
2073 103
2074 103
2075 230
2076 103
2077 16
2078 252
2079 226
2080 243
2081 103
2082 245
2083 7
2084 246
2085 226
2086 46
2087 90
2088 245
2089 266
2090 230
2091 247
2092 255
2093 245
2094 95
2095 103
2096 247
2097 103
2098 243
2099 230
2100 103
2101 48
2102 230
2103 244
2104 103
2105 103
2106 257
2107 226
2108 236
2109 226
2110 73
2111 236
2112 243
2113 44
2114 7
2115 247
2116 88
2117 103
2118 243
2119 249
2120 252
2121 252
2122 226
2123 244
2124 245
2125 266
2126 245
2127 245
2128 243
2129 243
2130 245
2131 16
2132 95
2133 244
2134 240
2135 236
2136 262
2137 103
2138 230
2139 14
2140 31
2141 103
2142 246
2143 62
2144 88
2145 44
2146 7
2147 246
2148 230
2149 253
2150 230
2151 55
2152 103
2153 256
2154 73
2155 7
2156 7
2157 226
2158 44
2159 52
2160 230
2161 247
2162 14
2163 103
2164 244
2165 256
2166 103
2167 243
2168 243
2169 0
2170 243
2171 247
2172 230
2173 14
2174 245
2175 103
2176 7
2177 7
2178 31
2179 31
2180 243
2181 103
2182 345
2183 246
2184 103
2185 223
2186 226
2187 103
2188 73
2189 7
2190 264
2191 88
2192 2
2193 259
2194 230
2195 254
2196 228
2197 243
2198 14
2199 266
2200 16
2201 44
2202 255
2203 236
2204 243
2205 17
2206 95
2207 250
2208 258
2209 103
2210 247
2211 245
2212 7
2213 161
2214 230
2215 95
2216 44
2217 236
2218 103
2219 103
2220 187
2221 226
2222 85
2223 247
2224 95
2225 243
2226 226
2227 73
2228 2
2229 243
2230 247
2231 244
2232 247
2233 252
2234 266
2235 244
2236 243
2237 85
2238 103
2239 252
2240 244
2241 230
2242 230
2243 93
2244 245
2245 243
2246 243
2247 226
2248 88
2249 103
2250 257
2251 103
2252 266
2253 14
2254 258
2255 44
2256 103
2257 346
2258 254
2259 90
2260 264
2261 90
2262 267
2263 7
2264 7
2265 252
2266 245
2267 230
2268 223
2269 14
2270 7
2271 103
2272 246
2273 7
2274 103
2275 31
2276 103
2277 252
2278 257
2279 103
2280 347
2281 52
2282 249
2283 226
2284 252
2285 226
2286 230
2287 103
2288 95
2289 247
2290 6
2291 245
2292 245
2293 103
2294 244
2295 256
2296 253
2297 247
2298 230
2299 252
2300 31
2301 243
2302 103
2303 103
2304 244
2305 226
2306 103
2307 247
2308 95
2309 103
2310 252
2311 252
2312 258
2313 7
2314 243
2315 255
2316 257
2317 16
2318 247
2319 254
2320 226
2321 17
2322 103
2323 249
2324 230
2325 14
2326 103
2327 247
2328 245
2329 14
2330 14
2331 62
2332 62
2333 62
2334 257
2335 103
2336 247
2337 257
2338 240
2339 247
2340 245
2341 226
2342 95
2343 7
2344 14
2345 245
2346 85
2347 249
2348 230
2349 230
2350 14
2351 226
2352 16
2353 2
2354 230
2355 247
2356 266
2357 14
2358 7
2359 103
2360 230
2361 243
2362 103
2363 230
2364 95
2365 244
2366 103
2367 264
2368 7
2369 31
2370 246
2371 14
2372 103
2373 226
2374 14
2375 244
2376 244
2377 7
2378 256
2379 257
2380 243
2381 31
2382 243
2383 103
2384 103
2385 221
2386 7
2387 31
2388 243
2389 103
2390 244
2391 103
2392 14
2393 103
2394 253
2395 223
2396 226
2397 348
2398 236
2399 103
2400 252
2401 7
2402 7
2403 103
2404 229
2405 226
2406 266
2407 90
2408 256
2409 247
2410 254
2411 14
2412 236
2413 7
2414 31
2415 7
2416 247
2417 57
2418 264
2419 247
2420 90
2421 247
2422 245
2423 266
2424 103
2425 7
2426 113
2427 230
2428 226
2429 14
2430 14
2431 223
2432 243
2433 246
2434 31
2435 103
2436 14
2437 244
2438 243
2439 264
2440 226
2441 7
2442 230
2443 256
2444 244
2445 103
2446 7
2447 257
2448 103
2449 252
2450 95
2451 244
2452 243
2453 230
2454 103
2455 249
2456 14
2457 62
2458 244
2459 7
2460 243
2461 52
2462 243
2463 230
2464 246
2465 7
2466 244
2467 249
2468 266
2469 244
2470 247
2471 243
2472 103
2473 247
2474 103
2475 253
2476 244
2477 17
2478 7
2479 103
2480 236
2481 243
2482 103
2483 244
2484 103
2485 226
2486 103
2487 243
2488 230
2489 244
2490 7
2491 103
2492 259
2493 7
2494 90
2495 247
2496 103
2497 7
2498 236
2499 17
2500 90
2501 256
2502 14
2503 17
2504 243
2505 103
2506 11
2507 90
2508 103
2509 14
2510 7
2511 31
2512 95
2513 226
2514 243
2515 245
2516 40
2517 256
2518 95
2519 103
2520 88
2521 246
2522 103
2523 103
2524 230
2525 252
2526 7
2527 252
2528 244
2529 246
2530 243
2531 14
2532 85
2533 236
2534 115
2535 17
2536 7
2537 44
2538 246
2539 14
2540 230
2541 103
2542 14
2543 103
2544 230
2545 79
2546 103
2547 255
2548 245
2549 14
2550 240
2551 255
2552 7
2553 266
2554 245
2555 243
2556 243
2557 254
2558 246
2559 103
2560 103
2561 244
2562 245
2563 103
2564 236
2565 90
2566 223
2567 90
2568 14
2569 232
2570 230
2571 103
2572 243
2573 17
2574 247
2575 103
2576 14
2577 256
2578 253
2579 90
2580 229
2581 226
2582 95
2583 103
2584 14
2585 257
2586 252
2587 16
2588 17
2589 26
2590 88
2591 223
2592 103
2593 247
2594 243
2595 103
2596 278
2597 7
2598 103
2599 226
2600 55
2601 90
2602 230
2603 103
2604 349
2605 103
2606 90
2607 223
2608 243
2609 257
2610 236
2611 103
2612 243
2613 31
2614 240
2615 247
2616 243
2617 47
2618 245
2619 103
2620 11
2621 44
2622 115
2623 253
2624 226
2625 254
2626 243
2627 17
2628 31
2629 14
2630 115
2631 55
2632 245
2633 226
2634 103
2635 243
2636 7
2637 245
2638 2
2639 244
2640 103
2641 95
2642 243
2643 90
2644 35
2645 243
2646 244
2647 236
2648 103
2649 14
2650 246
2651 245
2652 187
2653 247
2654 230
2655 226
2656 14
2657 229
2658 256
2659 230
2660 17
2661 247
2662 264
2663 250
2664 226
2665 14
2666 232
2667 53
2668 103
2669 247
2670 88
2671 14
2672 12
2673 37
2674 226
2675 243
2676 245
2677 249
2678 88
2679 246
2680 103
2681 243
2682 7
2683 7
2684 230
2685 243
2686 249
2687 230
2688 266
2689 55
2690 88
2691 257
2692 73
2693 17
2694 245
2695 14
2696 46
2697 243
2698 244
2699 250
2700 7
2701 226
2702 246
2703 236
2704 230
2705 236
2706 249
2707 16
2708 17
2709 247
2710 85
2711 247
2712 31
2713 7
2714 247
2715 247
2716 115
2717 14
2718 121
2719 247
2720 16
2721 243
2722 236
2723 221
2724 103
2725 14
2726 2
2727 31
2728 115
2729 250
2730 236
2731 103
2732 245
2733 62
2734 243
2735 245
2736 243
2737 113
2738 252
2739 14
2740 103
2741 246
2742 249
2743 350
2744 243
2745 226
2746 103
2747 245
2748 250
2749 247
2750 14
2751 226
2752 230
2753 88
2754 161
2755 223
2756 243
2757 258
2758 249
2759 230
2760 16
2761 31
2762 14
2763 223
2764 226
2765 278
2766 14
2767 44
2768 12
2769 73
2770 226
2771 7
2772 249
2773 252
2774 267
2775 44
2776 264
2777 29
2778 246
2779 247
2780 255
2781 17
2782 103
2783 103
2784 244
2785 243
2786 230
2787 252
2788 236
2789 223
2790 226
2791 103
2792 103
2793 103
2794 230
2795 103
2796 243
2797 230
2798 7
2799 230
2800 95
2801 17
2802 7
2803 230
2804 115
2805 252
2806 230
2807 14
2808 243
2809 247
2810 243
2811 244
2812 243
2813 103
2814 35
2815 15
2816 243
2817 257
2818 7
2819 259
2820 14
2821 247
2822 103
2823 121
2824 243
2825 226
2826 7
2827 103
2828 244
2829 103
2830 257
2831 31
2832 44
2833 243
2834 226
2835 88
2836 252
2837 113
2838 6
2839 264
2840 7
2841 115
2842 14
2843 7
2844 257
2845 226
2846 230
2847 266
2848 103
2849 103
2850 7
2851 31
2852 230
2853 244
2854 230
2855 103
2856 252
2857 103
2858 243
2859 115
2860 14
2861 240
2862 7
2863 243
2864 240
2865 266
2866 103
2867 252
2868 243
2869 243
2870 246
2871 244
2872 245
2873 246
2874 252
2875 230
2876 55
2877 73
2878 95
2879 14
2880 250
2881 44
2882 243
2883 95
2884 103
2885 252
2886 247
2887 230
2888 236
2889 223
2890 52
2891 230
2892 113
2893 90
2894 95
2895 223
2896 14
2897 103
2898 236
2899 249
2900 7
2901 14
2902 236
2903 252
2904 39
2905 31
2906 226
2907 90
2908 243
2909 103
2910 226
2911 245
2912 7
2913 115
2914 256
2915 103
2916 226
2917 7
2918 226
2919 223
2920 7
2921 247
2922 73
2923 103
2924 16
2925 230
2926 226
2927 247
2928 243
2929 245
2930 243
2931 95
2932 247
2933 7
2934 266
2935 7
2936 103
2937 14
2938 14
2939 249
2940 103
2941 103
2942 7
2943 31
2944 351
2945 7
2946 14
2947 247
2948 7
2949 252
2950 247
2951 14
2952 7
2953 226
2954 31
2955 278
2956 249
2957 256
2958 246
2959 62
2960 103
2961 95
2962 228
2963 236
2964 246
2965 103
2966 252
2967 103
2968 103
2969 226
2970 103
2971 103
2972 103
2973 245
2974 230
2975 103
2976 243
2977 244
2978 245
2979 245
2980 246
2981 223
2982 236
2983 253
2984 103
2985 103
2986 103
2987 95
2988 226
2989 243
2990 243
2991 244
2992 103
2993 253
2994 115
2995 7
2996 247
2997 7
2998 253
2999 252
3000 236
3001 90
3002 244
3003 2
3004 230
3005 7
3006 236
3007 243
3008 14
3009 258
3010 103
3011 17
3012 243
3013 14
3014 95
3015 253
3016 52
3017 226
3018 230
3019 245
3020 230
3021 7
3022 245
3023 7
3024 17
3025 249
3026 246
3027 103
3028 232
3029 257
3030 240
3031 103
3032 230
3033 11
3034 7
3035 258
3036 247
3037 243
3038 16
3039 266
3040 246
3041 14
3042 7
3043 103
3044 103
3045 103
3046 243
3047 7
3048 161
3049 7
3050 17
3051 247
3052 103
3053 103
3054 226
3055 73
3056 246
3057 16
3058 228
3059 245
3060 88
3061 243
3062 252
3063 95
3064 7
3065 16
3066 230
3067 226
3068 7
3069 245
3070 16
3071 226
3072 243
3073 31
3074 103
3075 247
3076 14
3077 230
3078 244
3079 246
3080 85
3081 245
3082 236
3083 243
3084 103
3085 103
3086 240
3087 55
3088 230
3089 14
3090 7
3091 252
3092 253
3093 226
3094 252
3095 245
3096 247
3097 244
3098 245
3099 103
3100 245
3101 247
3102 103
3103 243
3104 85
3105 243
3106 249
3107 243
3108 253
3109 103
3110 257
3111 14
3112 14
3113 103
3114 31
3115 17
3116 103
3117 246
3118 243
3119 103
3120 52
3121 230
3122 256
3123 17
3124 103
3125 264
3126 243
3127 253
3128 258
3129 7
3130 252
3131 103
3132 266
3133 264
3134 103
3135 40
3136 229
3137 243
3138 259
3139 103
3140 103
3141 252
3142 252
3143 103
3144 257
3145 226
3146 257
3147 7
3148 244
3149 243
3150 256
3151 246
3152 115
3153 226
3154 230
3155 244
3156 243
3157 223
3158 103
3159 257
3160 103
3161 352
3162 79
3163 226
3164 55
3165 16
3166 353
3167 250
3168 258
3169 161
3170 103
3171 230
3172 16
3173 230
3174 244
3175 103
3176 103
3177 258
3178 88
3179 245
3180 7
3181 115
3182 249
3183 103
3184 79
3185 103
3186 249
3187 245
3188 226
3189 103
3190 230
3191 252
3192 230
3193 247
3194 223
3195 230
3196 7
3197 226
3198 228
3199 354
3200 243
3201 14
3202 230
3203 226
3204 230
3205 252
3206 245
3207 161
3208 244
3209 103
3210 103
3211 7
3212 245
3213 7
3214 55
3215 259
3216 252
3217 243
3218 7
3219 103
3220 256
3221 247
3222 95
3223 88
3224 252
3225 247
3226 264
3227 258
3228 258
3229 226
3230 236
3231 103
3232 230
3233 266
3234 244
3235 95
3236 9
3237 256
3238 223
3239 88
3240 7
3241 278
3242 7
3243 243
3244 103
3245 250
3246 7
3247 121
3248 226
3249 257
3250 247
3251 246
3252 266
3253 244
3254 115
3255 7
3256 243
3257 103
3258 103
3259 244
3260 103
3261 73
3262 103
3263 16
3264 243
3265 243
3266 257
3267 243
3268 103
3269 247
3270 103
3271 62
3272 103
3273 249
3274 250
3275 258
3276 14
3277 7
3278 226
3279 103
3280 252
3281 90
3282 257
3283 14
3284 230
3285 247
3286 243
3287 14
3288 255
3289 243
3290 230
3291 226
3292 7
3293 7
3294 14
3295 230
3296 258
3297 240
3298 244
3299 243
3300 7
3301 246
3302 256
3303 103
3304 121
3305 17
3306 226
3307 95
3308 247
3309 103
3310 14
3311 17
3312 7
3313 247
3314 246
3315 103
3316 244
3317 249
3318 103
3319 85
3320 103
3321 252
3322 230
3323 44
3324 243
3325 90
3326 115
3327 17
3328 226
3329 14
3330 90
3331 244
3332 103
3333 278
3334 230
3335 223
3336 247
3337 14
3338 115
3339 244
3340 230
3341 7
3342 7
3343 103
3344 52
3345 103
3346 52
3347 88
3348 226
3349 103
3350 226
3351 230
3352 264
3353 243
3354 244
3355 226
3356 85
3357 7
3358 243
3359 103
3360 226
3361 223
3362 244
3363 47
3364 90
3365 1
3366 243
3367 236
3368 249
3369 245
3370 14
3371 252
3372 31
3373 37
3374 246
3375 243
3376 221
3377 226
3378 253
3379 55
3380 14
3381 121
3382 85
3383 257
3384 243
3385 244
3386 103
3387 226
3388 230
3389 17
3390 103
3391 103
3392 103
3393 17
3394 257
3395 247
3396 246
3397 103
3398 17
3399 266
3400 258
3401 17
3402 103
3403 226
3404 230
3405 247
3406 247
3407 103
3408 257
3409 249
3410 266
3411 103
3412 253
3413 103
3414 267
3415 226
3416 103
3417 3
3418 7
3419 240
3420 103
3421 103
3422 103
3423 103
3424 243
3425 252
3426 103
3427 247
3428 223
3429 245
3430 230
3431 7
3432 14
3433 103
3434 252
3435 243
3436 14
3437 103
3438 253
3439 256
3440 243
3441 103
3442 103
3443 29
3444 28
3445 17
3446 37
3447 243
3448 230
3449 14
3450 103
3451 44
3452 256
3453 103
3454 249
3455 230
3456 7
3457 115
3458 258
3459 52
3460 240
3461 228
3462 245
3463 95
3464 103
3465 73
3466 230
3467 252
3468 247
3469 250
3470 7
3471 14
3472 14
3473 259
3474 256
3475 253
3476 236
3477 115
3478 103
3479 52
3480 252
3481 7
3482 254
3483 14
3484 355
3485 95
3486 85
3487 278
3488 88
3489 17
3490 244
3491 247
3492 230
3493 257
3494 7
3495 103
3496 243
3497 223
3498 7
3499 246
3500 258
3501 161
3502 48
3503 103
3504 243
3505 243
3506 103
3507 247
3508 7
3509 103
3510 249
3511 250
3512 47
3513 247
3514 73
3515 17
3516 244
3517 14
3518 103
3519 221
3520 95
3521 103
3522 243
3523 247
3524 247
3525 243
3526 226
3527 47
3528 249
3529 243
3530 230
3531 7
3532 230
3533 247
3534 14
3535 226
3536 16
3537 221
3538 230
3539 243
3540 7
3541 245
3542 246
3543 252
3544 356
3545 95
3546 14
3547 103
3548 103
3549 103
3550 31
3551 230
3552 90
3553 223
3554 103
3555 31
3556 246
3557 223
3558 223
3559 7
3560 252
3561 14
3562 121
3563 230
3564 250
3565 247
3566 103
3567 247
3568 243
3569 2
3570 230
3571 52
3572 73
3573 257
3574 226
3575 230
3576 223
3577 14
3578 103
3579 252
3580 115
3581 255
3582 7
3583 95
3584 230
3585 7
3586 14
3587 31
3588 230
3589 244
3590 256
3591 103
3592 14
3593 88
3594 226
3595 90
3596 230
3597 115
3598 103
3599 266
3600 244
3601 223
3602 73
3603 103
3604 247
3605 29
3606 115
3607 90
3608 255
3609 31
3610 103
3611 7
3612 16
3613 9
3614 246
3615 103
3616 115
3617 230
3618 103
3619 226
3620 259
3621 103
3622 247
3623 259
3624 230
3625 230
3626 7
3627 103
3628 226
3629 243
3630 244
3631 253
3632 14
3633 103
3634 103
3635 257
3636 247
3637 14
3638 247
3639 245
3640 236
3641 236
3642 266
3643 223
3644 357
3645 14
3646 257
3647 187
3648 245
3649 243
3650 7
3651 236
3652 243
3653 17
3654 31
3655 85
3656 230
3657 245
3658 14
3659 7
3660 244
3661 243
3662 2
3663 14
3664 252
3665 249
3666 230
3667 230
3668 247
3669 103
3670 103
3671 14
3672 249
3673 244
3674 258
3675 252
3676 90
3677 103
3678 243
3679 103
3680 16
3681 103
3682 240
3683 223
3684 7
3685 7
3686 223
3687 256
3688 245
3689 95
3690 226
3691 103
3692 230
3693 247
3694 266
3695 267
3696 103
3697 14
3698 244
3699 278
3700 103
3701 243
3702 52
3703 7
3704 90
3705 226
3706 103
3707 103
3708 7
3709 14
3710 236
3711 244
3712 244
3713 245
3714 236
3715 103
3716 35
3717 230
3718 240
3719 103
3720 244
3721 103
3722 7
3723 103
3724 243
3725 103
3726 255
3727 229
3728 20
3729 44
3730 223
3731 7
3732 262
3733 28
3734 249
3735 255
3736 249
3737 236
3738 230
3739 226
3740 246
3741 103
3742 236
3743 16
3744 245
3745 121
3746 249
3747 103
3748 103
3749 257
3750 252
3751 254
3752 95
3753 278
3754 230
3755 230
3756 103
3757 187
3758 250
3759 245
3760 245
3761 103
3762 90
3763 244
3764 230
3765 247
3766 7
3767 254
3768 247
3769 44
3770 244
3771 243
3772 226
3773 236
3774 115
3775 14
3776 52
3777 247
3778 223
3779 252
3780 230
3781 17
3782 221
3783 244
3784 253
3785 20
3786 90
3787 266
3788 240
3789 16
3790 95
3791 259
3792 113
3793 256
