28455 960
28456 1065
28457 960
28458 960
28459 960
28460 1089
28461 960
28462 960
28463 961
28464 1065
28465 902
28466 961
28467 961
28468 1065
28469 960
28470 960
28471 960
28472 960
28473 961
28474 1065
28475 1065
28476 960
28477 960
28478 902
28479 961
28480 1065
28481 1065
28482 902
28483 961
28484 960
28485 960
28486 960
28487 902
28488 1056
28489 978
28490 902
28491 960
28492 960
28493 1089
28494 1065
28495 960
28496 961
28497 1089
28498 1065
28499 961
28500 902
28501 960
28502 960
28503 960
28504 960
28505 960
28506 960
28507 1056
28508 1065
28509 1089
28510 960
28511 978
28512 1065
28513 961
28514 961
28515 961
28516 961
28517 961
28518 1065
28519 961
28520 902
28521 902
28522 960
28523 961
28524 961
28525 960
28526 1065
28527 960
28528 1065
28529 902
28530 960
28531 961
28532 961
28533 1065
28534 960
28535 1065
28536 960
28537 902
28538 960
28539 1089
28540 1089
28541 902
28542 902
28543 961
28544 1089
28545 960
28546 1065
28547 960
28548 960
28549 902
28550 960
28551 1089
28552 1089
28553 960
28554 960
28555 960
28556 960
28557 1141
28558 1065
28559 902
28560 1065
28561 1065
28562 1141
28563 960
28564 902
28565 960
28566 1089
28567 902
28568 1130
28569 902
28570 1065
28571 1065
28572 960
28573 902
28574 902
28575 967
28576 960
28577 1089
28578 902
28579 960
28580 967
28581 1065
28582 978
28583 960
28584 1130
28585 902
28586 960
28587 960
28588 1065
28589 902
28590 1089
28591 1065
28592 960
28593 1065
28594 978
28595 902
28596 1065
28597 960
28598 961
28599 960
28600 961
28601 960
28602 960
28603 964
28604 960
28605 902
28606 978
28607 960
28608 960
28609 1065
28610 1065
28611 1065
28612 902
28613 961
28614 960
28615 902
28616 961
28617 960
28618 902
28619 978
28620 902
28621 978
28622 960
28623 1065
28624 902
28625 1141
28626 1130
28627 902
28628 902
28629 960
28630 1065
28631 960
28632 960
28633 1089
28634 902
28635 960
28636 902
28637 961
28638 961
28639 960
28640 1065
28641 1056
28642 960
28643 1065
28644 961
28645 960
28646 902
28647 902
28648 960
28649 961
28650 902
28651 960
28652 967
28653 902
28654 960
28655 902
28656 960
28657 960
28658 961
28659 960
28660 902
28661 902
28662 961
28663 1130
28664 902
28665 1065
28666 964
28667 1065
28668 961
28669 902
28670 1065
28671 1089
28672 902
28673 961
28674 969
28675 961
28676 960
28677 960
28678 960
28679 961
28680 902
28681 902
28682 978
28683 960
28684 1130
28685 960
28686 902
28687 961
28688 1089
28689 902
28690 1089
28691 1065
28692 961
28693 1065
28694 902
28695 1179
28696 960
28697 960
28698 960
28699 960
28700 961
28701 960
28702 902
28703 960
28704 902
28705 1130
28706 960
28707 1065
28708 902
28709 902
28710 961
28711 961
28712 1065
28713 961
28714 960
28715 902
28716 978
28717 978
28718 1065
28719 902
28720 961
28721 1065
28722 902
28723 902
28724 1065
28725 902
28726 1065
28727 960
28728 960
28729 961
28730 902
28731 961
28732 902
28733 960
28734 960
28735 902
28736 960
28737 902
28738 960
28739 1065
28740 961
28741 960
28742 1065
28743 960
28744 961
28745 1065
28746 960
28747 961
28748 960
28749 902
28750 960
28751 961
28752 960
28753 902
28754 961
28755 961
28756 1065
28757 978
28758 960
28759 960
28760 1065
28761 1144
28762 1065
28763 1065
28764 960
28765 902
28766 961
28767 978
28768 902
28769 960
28770 1065
28771 961
28772 902
28773 1180
28774 978
28775 960
28776 902
28777 960
28778 1065
28779 960
28780 961
28781 1065
28782 1065
28783 1065
28784 1089
28785 961
28786 1065
28787 1065
28788 1065
28789 961
28790 960
28791 960
28792 902
28793 960
28794 960
28795 961
28796 961
28797 960
28798 960
28799 902
28800 960
28801 1065
28802 1065
28803 1056
28804 960
28805 960
28806 1130
28807 960
28808 960
28809 961
28810 960
28811 960
28812 960
28813 1065
28814 960
28815 960
28816 960
28817 961
28818 1181
28819 961
28820 902
28821 1065
28822 1065
28823 1065
28824 902
28825 902
28826 1148
28827 961
28828 960
28829 961
28830 960
28831 960
28832 960
28833 1065
28834 961
28835 961
28836 960
28837 969
28838 902
28839 978
28840 960
28841 1043
28842 960
28843 1065
28844 902
28845 960
28846 902
28847 960
28848 1141
28849 961
28850 1089
28851 960
28852 978
28853 1065
28854 960
28855 960
28856 960
28857 1130
28858 960
28859 902
28860 902
28861 960
28862 960
28863 960
28864 1141
28865 978
28866 1141
28867 960
28868 902
28869 961
28870 964
28871 960
28872 1065
28873 1065
28874 902
28875 1130
28876 1065
28877 902
28878 961
28879 960
28880 902
28881 1130
28882 960
28883 1145
28884 960
28885 1065
28886 1072
28887 978
28888 1065
28889 961
28890 960
28891 1065
28892 902
28893 902
28894 1130
28895 1065
28896 902
28897 1089
28898 1089
28899 961
28900 960
28901 902
28902 978
28903 1065
28904 960
28905 960
28906 961
28907 1065
28908 960
28909 961
28910 960
28911 960
28912 961
28913 961
28914 960
28915 902
28916 902
28917 902
28918 1130
28919 961
28920 978
28921 961
28922 902
28923 1065
28924 960
28925 1065
28926 1144
28927 964
28928 902
28929 961
28930 960
28931 978
28932 960
28933 1141
28934 1089
28935 961
28936 960
28937 902
28938 964
28939 961
28940 978
28941 1089
28942 1065
28943 960
28944 961
28945 902
28946 1065
28947 1065
28948 960
28949 1065
28950 1065
28951 1089
28952 1065
28953 1089
28954 902
28955 902
28956 1065
28957 1130
28958 960
28959 1065
28960 1130
28961 902
28962 961
28963 1141
28964 1065
28965 960
28966 961
28967 1072
28968 960
28969 960
28970 1089
28971 902
28972 902
28973 960
28974 961
28975 902
28976 902
28977 960
28978 960
28979 978
28980 1182
28981 960
28982 960
28983 902
28984 902
28985 1065
28986 960
28987 961
28988 1141
28989 902
28990 960
28991 961
28992 902
28993 902
28994 1065
28995 961
28996 960
28997 1065
28998 960
28999 960
29000 961
29001 961
29002 1065
29003 960
29004 960
29005 961
29006 960
29007 961
29008 960
29009 1065
29010 1183
29011 902
29012 978
29013 961
29014 1065
29015 961
29016 1130
29017 1089
29018 960
29019 1065
29020 902
29021 960
29022 1147
29023 978
29024 961
29025 902
29026 960
29027 960
29028 902
29029 902
29030 1089
29031 960
29032 1065
29033 1065
29034 960
29035 978
29036 960
29037 902
29038 960
29039 1065
29040 902
29041 801
29042 1089
29043 1065
29044 960
29045 960
29046 961
29047 1130
29048 964
29049 1065
29050 1130
29051 902
29052 1089
29053 1148
29054 902
29055 1065
29056 902
29057 902
29058 902
29059 960
29060 961
29061 960
29062 1065
29063 902
29064 902
29065 902
29066 902
29067 902
29068 1065
29069 1060
29070 1065
29071 902
29072 1089
29073 1130
29074 1130
29075 961
29076 961
29077 967
29078 960
29079 1065
29080 1056
29081 1065
29082 960
29083 960
29084 960
29085 1089
29086 1065
29087 902
29088 961
29089 1089
29090 961
29091 902
29092 961
29093 960
29094 961
29095 960
29096 902
29097 961
29098 902
29099 961
29100 978
29101 1065
29102 960
29103 961
29104 960
29105 960
29106 1065
29107 1065
29108 1065
29109 960
29110 960
29111 960
29112 1065
29113 978
29114 902
29115 961
29116 1065
29117 902
29118 960
29119 960
29120 1089
29121 1089
29122 964
29123 960
29124 961
29125 961
29126 960
29127 964
29128 961
29129 902
29130 960
29131 960
29132 902
29133 961
29134 1065
29135 960
29136 902
29137 960
29138 961
29139 978
29140 1065
29141 902
29142 960
29143 1089
29144 960
29145 960
29146 964
29147 1065
29148 1065
29149 902
29150 902
29151 902
29152 1065
29153 960
29154 1148
29155 1065
29156 961
29157 960
29158 902
29159 902
29160 960
29161 1089
29162 1065
29163 960
29164 961
29165 961
29166 960
29167 960
29168 902
29169 961
29170 1065
29171 961
29172 902
29173 960
29174 1089
29175 961
29176 961
29177 960
29178 1089
29179 1065
29180 978
29181 902
29182 960
29183 902
29184 1141
29185 961
29186 902
29187 961
29188 960
29189 971
29190 960
29191 961
29192 960
29193 960
29194 1144
29195 902
29196 960
29197 960
29198 961
29199 960
29200 960
29201 902
29202 902
29203 961
29204 961
29205 1065
29206 1065
29207 960
29208 1065
29209 960
29210 960
29211 1130
29212 961
29213 961
29214 961
29215 902
29216 961
29217 1144
29218 971
29219 960
29220 902
29221 902
29222 960
29223 1065
29224 902
29225 1065
29226 960
29227 960
29228 1056
29229 902
29230 960
29231 960
29232 1089
29233 960
29234 960
29235 960
29236 960
29237 960
29238 961
29239 961
29240 1065
29241 978
29242 978
29243 960
29244 961
29245 1065
29246 902
29247 1148
29248 960
29249 902
29250 961
29251 960
29252 960
29253 960
29254 960
29255 1065
29256 1065
29257 902
29258 960
29259 961
29260 960
29261 978
29262 960
29263 960
29264 961
29265 978
29266 1065
29267 961
29268 960
29269 960
29270 902
29271 1089
29272 978
29273 960
29274 902
29275 1130
29276 1056
29277 964
29278 902
29279 902
29280 960
29281 902
29282 960
29283 960
29284 902
29285 902
29286 971
29287 1065
29288 1065
29289 1065
29290 960
29291 960
29292 960
29293 978
29294 1065
29295 978
29296 1065
29297 902
29298 902
29299 1089
29300 902
29301 1065
29302 1130
29303 960
29304 960
29305 960
29306 1065
29307 960
29308 902
29309 961
29310 902
29311 1072
29312 960
29313 902
29314 960
29315 960
29316 960
29317 960
29318 960
29319 902
29320 902
29321 960
29322 961
29323 961
29324 1065
29325 961
29326 961
29327 960
29328 902
29329 902
29330 902
29331 961
29332 1065
29333 1065
29334 960
29335 961
29336 902
29337 960
29338 960
29339 978
29340 1065
29341 960
29342 902
29343 1065
29344 1130
29345 1065
29346 1089
29347 961
29348 960
29349 1056
29350 1089
29351 960
29352 960
29353 1065
29354 960
29355 1184
29356 1141
29357 1065
29358 902
29359 1065
29360 902
29361 902
29362 960
29363 960
29364 960
29365 960
29366 961
29367 1065
29368 1089
29369 960
29370 960
29371 961
29372 961
29373 960
29374 960
29375 978
29376 960
29377 961
29378 960
29379 961
29380 960
29381 1089
29382 1065
29383 961
29384 978
29385 1141
29386 961
29387 902
29388 902
29389 1141
29390 960
29391 902
29392 1065
29393 960
29394 1130
29395 1089
29396 961
29397 902
29398 1065
29399 960
29400 1065
29401 902
29402 960
29403 902
29404 902
29405 1141
29406 902
29407 902
29408 978
29409 960
29410 1065
29411 902
29412 1065
29413 1065
29414 902
29415 960
29416 902
29417 978
29418 1065
29419 902
29420 978
29421 1065
29422 960
29423 961
29424 960
29425 971
29426 1089
29427 960
29428 1065
29429 960
29430 978
29431 960
29432 961
29433 961
29434 960
29435 960
29436 960
29437 1065
29438 1089
29439 964
29440 902
29441 960
29442 960
29443 960
29444 960
29445 960
29446 960
29447 960
29448 902
29449 967
29450 960
29451 961
29452 961
29453 960
29454 978
29455 1065
29456 1130
29457 960
29458 1056
29459 978
29460 960
29461 902
29462 960
29463 960
29464 961
29465 961
29466 1089
29467 960
29468 961
29469 1065
29470 960
29471 978
29472 902
29473 902
29474 1065
29475 1177
29476 902
29477 902
29478 1130
29479 960
29480 960
29481 961
29482 1148
29483 961
29484 961
29485 961
29486 960
29487 1065
29488 960
29489 961
29490 961
29491 902
29492 902
29493 1089
29494 960
29495 902
29496 902
29497 902
29498 960
29499 961
29500 1065
29501 902
29502 978
29503 902
29504 902
29505 961
29506 961
29507 960
29508 961
29509 960
29510 967
29511 960
29512 960
29513 1177
29514 960
29515 902
29516 960
29517 902
29518 902
29519 961
29520 960
29521 902
29522 960
29523 960
29524 902
29525 961
29526 902
29527 902
29528 1130
29529 960
29530 1130
29531 902
29532 960
29533 961
29534 1089
29535 961
29536 978
29537 961
29538 960
29539 1089
29540 960
29541 1065
29542 961
29543 961
29544 960
29545 1065
29546 960
29547 1065
29548 961
29549 960
29550 1089
29551 1148
29552 961
29553 960
29554 961
29555 1065
29556 902
29557 960
29558 902
29559 960
29560 1089
29561 960
29562 960
29563 960
29564 961
29565 964
29566 902
29567 960
29568 1065
29569 960
29570 960
29571 902
29572 978
29573 1065
29574 961
29575 961
29576 961
29577 978
29578 902
29579 960
29580 902
29581 961
29582 1065
29583 1145
29584 1056
29585 960
29586 978
29587 1089
29588 1141
29589 978
29590 978
29591 1065
29592 960
29593 1065
29594 960
29595 969
29596 960
29597 960
29598 960
29599 960
29600 1065
29601 960
29602 960
29603 960
29604 960
29605 961
29606 960
29607 902
29608 960
29609 960
29610 1065
29611 902
29612 960
29613 971
29614 1065
29615 960
29616 1065
29617 1065
29618 902
29619 961
29620 961
29621 961
29622 960
29623 961
29624 1065
29625 902
29626 1089
29627 961
29628 960
29629 902
29630 1065
29631 960
29632 902
29633 961
29634 902
29635 960
29636 1065
29637 1065
29638 960
29639 1065
29640 1065
29641 961
29642 1056
29643 961
29644 961
29645 960
29646 961
29647 1141
29648 960
29649 1065
29650 964
29651 1148
29652 960
29653 961
29654 960
29655 969
29656 960
29657 960
29658 1130
29659 961
29660 960
29661 902
29662 1089
29663 978
29664 1057
29665 1065
29666 902
29667 960
29668 1065
29669 961
29670 902
29671 961
29672 960
29673 902
29674 960
29675 961
29676 960
29677 960
29678 960
29679 961
29680 978
29681 960
29682 960
29683 1065
29684 1089
29685 961
29686 902
29687 961
29688 902
29689 1065
29690 967
29691 902
29692 961
29693 960
29694 960
29695 1141
29696 1065
29697 960
29698 960
29699 978
29700 902
29701 902
29702 960
29703 1065
29704 960
29705 960
29706 917
29707 902
29708 902
29709 902
29710 960
29711 960
29712 1065
29713 1065
29714 960
29715 1065
29716 902
29717 960
29718 1089
29719 1089
29720 1145
29721 1065
29722 902
29723 1065
29724 960
29725 1089
29726 1089
29727 961
29728 902
29729 961
29730 961
29731 961
29732 1065
29733 1065
29734 960
29735 961
29736 960
29737 960
29738 961
29739 960
29740 1065
29741 902
29742 902
29743 902
29744 1065
29745 902
29746 961
29747 961
29748 960
29749 902
29750 902
29751 961
29752 1065
29753 960
29754 960
29755 960
29756 978
29757 1065
29758 902
29759 960
29760 960
29761 961
29762 961
29763 902
29764 960
29765 978
29766 960
29767 902
29768 960
29769 961
29770 902
29771 1065
29772 1089
29773 960
29774 960
29775 960
29776 1089
29777 902
29778 1065
29779 902
29780 1130
29781 961
29782 1065
29783 960
29784 1065
29785 960
29786 960
29787 902
29788 960
29789 960
29790 960
29791 1089
29792 1065
29793 1089
29794 988
29795 960
29796 1065
29797 960
29798 960
29799 902
29800 960
29801 902
29802 902
29803 1065
29804 1130
29805 960
29806 1065
29807 902
29808 961
29809 960
29810 1065
29811 961
29812 960
29813 960
29814 961
29815 961
29816 961
29817 902
29818 978
29819 960
29820 902
29821 978
29822 960
29823 902
29824 1065
29825 961
29826 902
29827 960
29828 960
29829 960
29830 902
29831 961
29832 1065
29833 960
29834 960
29835 960
29836 960
29837 902
29838 902
29839 902
29840 1089
29841 1065
29842 961
29843 961
29844 960
29845 902
29846 961
29847 1065
29848 960
29849 902
29850 960
29851 961
29852 1065
29853 961
29854 902
29855 902
29856 978
29857 960
29858 1089
29859 960
29860 902
29861 960
29862 960
29863 1065
29864 960
29865 960
29866 902
29867 971
29868 1065
29869 961
29870 960
29871 960
29872 902
29873 960
29874 1089
29875 902
29876 961
29877 902
29878 1148
29879 961
29880 960
29881 960
29882 961
29883 960
29884 961
29885 978
29886 902
29887 960
29888 960
29889 902
29890 964
29891 960
29892 960
29893 961
29894 960
29895 1065
29896 961
29897 960
29898 1089
29899 1065
29900 1065
29901 1065
29902 960
29903 1065
29904 971
29905 961
29906 960
29907 960
29908 960
29909 902
29910 1147
29911 902
29912 960
29913 1065
29914 960
29915 978
29916 960
29917 1065
29918 902
29919 1065
29920 1065
29921 960
29922 960
29923 1065
29924 1089
29925 902
29926 1065
29927 902
29928 960
29929 961
29930 960
29931 1065
29932 1065
29933 1089
29934 960
29935 1065
29936 961
29937 978
29938 902
29939 960
29940 961
29941 902
29942 1065
29943 1065
29944 902
29945 1130
29946 1130
29947 1089
29948 1089
29949 960
29950 1089
29951 1141
29952 960
29953 902
29954 902
29955 1065
29956 961
29957 960
29958 978
29959 961
29960 960
29961 902
29962 1089
29963 960
29964 1057
29965 902
29966 960
29967 902
29968 978
29969 902
29970 960
29971 902
29972 960
29973 961
29974 961
29975 902
29976 1065
29977 1065
29978 1065
29979 961
29980 1065
29981 1065
29982 960
29983 961
29984 960
29985 1089
29986 961
29987 960
29988 961
29989 1089
29990 902
29991 961
29992 961
29993 1065
29994 961
29995 1141
29996 961
29997 960
29998 961
29999 960
30000 960
30001 902
30002 961
30003 902
30004 961
30005 961
30006 960
30007 902
30008 902
30009 964
30010 902
30011 902
30012 960
30013 960
30014 1065
30015 1141
30016 961
30017 960
30018 960
30019 960
30020 960
30021 902
30022 961
30023 978
30024 1089
30025 960
30026 902
30027 960
30028 1065
30029 978
30030 960
30031 960
30032 961
30033 1065
30034 960
30035 902
30036 961
30037 961
30038 1130
30039 960
30040 960
30041 961
30042 1065
30043 902
30044 960
30045 902
30046 902
30047 960
30048 902
30049 1065
30050 960
30051 960
30052 960
30053 961
30054 960
30055 961
30056 961
30057 902
30058 902
30059 960
30060 902
30061 1065
30062 1065
30063 960
30064 902
30065 961
30066 902
30067 961
30068 960
30069 960
30070 961
30071 1065
30072 978
30073 902
30074 960
30075 1057
30076 1065
30077 961
30078 902
30079 961
30080 978
30081 978
30082 1065
30083 960
30084 960
30085 961
30086 1089
30087 961
30088 960
30089 1065
30090 960
30091 960
30092 960
30093 961
30094 961
30095 960
30096 1089
30097 960
30098 960
30099 961
30100 902
30101 1065
30102 961
30103 961
30104 960
30105 960
30106 902
30107 960
30108 960
30109 960
30110 960
30111 960
30112 961
30113 1148
30114 978
30115 1089
30116 961
30117 1089
30118 961
30119 964
30120 960
30121 961
30122 1089
30123 902
30124 902
30125 960
30126 978
30127 964
30128 971
30129 960
30130 1065
30131 960
30132 1065
30133 1065
30134 1065
30135 960
30136 960
30137 1065
30138 902
30139 961
30140 960
30141 1089
30142 902
30143 961
30144 902
30145 961
30146 902
30147 960
30148 960
30149 961
30150 978
30151 960
30152 1065
30153 1089
30154 961
30155 960
30156 960
30157 1130
30158 964
30159 902
30160 1065
30161 960
30162 1065
30163 967
30164 961
30165 960
30166 1065
30167 961
30168 1089
30169 902
30170 1065
30171 902
30172 1065
30173 902
30174 1065
30175 961
30176 960
30177 978
30178 1065
30179 902
30180 960
30181 1065
30182 902
30183 902
30184 902
30185 964
30186 961
30187 960
30188 960
30189 960
30190 961
30191 960
30192 960
30193 960
30194 902
30195 960
30196 961
30197 1089
30198 978
30199 960
30200 978
30201 1065
30202 960
30203 902
30204 960
30205 902
30206 1130
30207 960
30208 978
30209 960
30210 960
30211 1065
30212 902
30213 961
30214 960
30215 961
30216 959
30217 1065
30218 902
30219 960
30220 902
30221 960
30222 1065
30223 902
30224 1065
30225 960
30226 960
30227 961
30228 978
30229 902
30230 1089
30231 961
30232 902
30233 1065
30234 1065
30235 960
30236 961
30237 960
30238 960
30239 961
30240 960
30241 902
30242 1130
30243 902
30244 960
30245 1065
30246 960
30247 902
30248 960
30249 960
30250 902
30251 960
30252 1065
30253 961
30254 1065
30255 960
30256 1056
30257 961
30258 902
30259 1056
30260 1065
30261 960
30262 978
30263 960
30264 960
30265 1065
30266 902
30267 960
30268 961
30269 902
30270 960
30271 1065
30272 902
30273 1065
30274 978
30275 960
30276 960
30277 960
30278 1065
30279 1065
30280 902
30281 1089
30282 902
30283 961
30284 960
30285 960
30286 1065
30287 1065
30288 960
30289 1065
30290 1065
30291 961
30292 1065
30293 1089
30294 902
30295 902
30296 1065
30297 960
30298 961
30299 960
30300 1065
30301 902
30302 960
30303 961
30304 960
30305 978
30306 902
30307 960
30308 961
30309 902
30310 961
30311 978
30312 1065
30313 1130
30314 1089
30315 960
30316 960
30317 961
30318 961
30319 902
30320 960
30321 961
30322 961
