1 3
2 1
3 2
4 3
5 57
6 14
7 6
8 17
9 8
10 25
11 10
12 11
13 12
14 10
15 14
16 15
17 16
18 17
19 18
20 40
21 20
22 37
23 22
24 95
25 28
26 0
27 25
28 26
29 37
30 28
31 0
32 20
33 16
34 29
35 30
36 97
37 49
38 0
39 33
40 6
41 14
42 35
43 36
44 28
45 11
46 18
47 38
48 39
49 40
50 74
51 17
52 52
53 26
54 39
55 40
56 12
57 187
58 44
59 39
60 45
61 20
62 46
63 12
64 47
65 11
66 48
67 49
68 39
69 50
70 20
71 18
72 10
73 18
74 53
75 52
76 199
77 50
78 55
79 10
80 37
81 12
82 25
83 3
84 17
85 20
86 57
87 18
88 9
89 25
90 48
91 22
92 66
93 12
94 35
95 25
96 215
97 62
98 12
99 3
100 31
101 20
102 50
103 65
104 31
105 216
106 217
107 37
108 10
109 17
110 37
111 66
112 26
113 66
114 40
115 18
116 44
117 20
118 29
119 218
120 37
121 69
122 2
123 2
124 40
125 28
126 219
127 26
128 35
129 12
130 29
131 20
132 20
133 9
134 72
135 11
136 31
137 73
138 10
139 48
140 48
141 74
142 18
143 65
144 103
145 12
146 220
147 39
148 26
149 35
150 78
151 18
152 79
153 25
154 52
155 79
156 0
157 37
158 26
159 11
160 16
161 62
162 39
163 221
164 10
165 39
166 39
167 6
168 11
169 1
170 43
171 26
172 20
173 78
174 25
175 9
176 161
177 115
178 9
179 3
180 14
181 6
182 84
183 37
184 10
185 66
186 20
187 40
188 9
189 22
190 37
191 29
192 11
193 10
194 11
195 85
196 20
197 69
198 25
199 25
200 17
201 66
202 18
203 88
204 11
205 18
206 37
207 40
208 20
209 20
210 11
211 6
212 31
213 37
214 20
215 3
216 66
217 49
218 9
219 29
220 31
221 66
222 49
223 53
224 53
225 101
226 9
227 37
228 93
229 9
230 65
231 11
232 25
233 25
234 6
235 14
236 66
237 37
238 95
239 20
240 8
241 55
242 8
243 45
244 26
245 8
246 12
247 15
248 26
249 29
250 10
251 10
252 31
253 10
254 44
255 222
256 31
257 25
258 55
259 29
260 97
261 3
262 38
263 16
264 22
265 15
266 44
267 39
268 25
269 12
270 73
271 93
272 18
273 90
274 3
275 3
276 18
277 69
278 9
279 36
280 48
281 18
282 25
283 10
284 18
285 39
286 49
287 43
288 39
289 20
290 6
291 65
292 9
293 26
294 33
295 100
296 49
297 33
298 66
299 66
300 22
301 9
302 52
303 57
304 26
305 10
306 52
307 37
308 31
309 115
310 39
311 10
312 69
313 69
314 0
315 29
316 18
317 66
318 12
319 22
320 62
321 1
322 37
323 14
324 9
325 26
326 223
327 44
328 14
329 17
330 10
331 25
332 72
333 14
334 44
335 10
336 43
337 55
338 69
339 36
340 17
341 6
342 49
343 73
344 43
345 12
346 44
347 75
348 43
349 45
350 103
351 39
352 39
353 57
354 25
355 3
356 40
357 16
358 20
359 6
360 66
361 31
362 3
363 65
364 10
365 25
366 26
367 14
368 20
369 36
370 90
371 53
372 66
373 39
374 11
375 37
376 37
377 44
378 39
379 17
380 12
381 10
382 44
383 20
384 3
385 9
386 44
387 18
388 57
389 3
390 62
391 37
392 25
393 37
394 39
395 25
396 37
397 10
398 3
399 10
400 37
401 65
402 103
403 37
404 10
405 2
406 31
407 47
408 20
409 25
410 11
411 43
412 43
413 39
414 3
415 20
416 37
417 37
418 37
419 46
420 22
421 37
422 3
423 45
424 37
425 25
426 3
427 88
428 12
429 28
430 11
431 39
432 44
433 12
434 28
435 39
436 37
437 53
438 73
439 8
440 31
441 37
442 3
443 14
444 124
445 26
446 20
447 17
448 14
449 39
450 52
451 44
452 37
453 37
454 37
455 29
456 25
457 95
458 7
459 20
460 15
461 28
462 2
463 39
464 17
465 40
466 49
467 9
468 66
469 66
470 0
471 25
472 25
473 11
474 37
475 9
476 18
477 73
478 47
479 37
480 66
481 57
482 57
483 10
484 12
485 29
486 224
487 3
488 103
489 28
490 97
491 25
492 37
493 20
494 20
495 9
496 31
497 18
498 26
499 66
500 93
501 25
502 10
503 9
504 10
505 12
506 3
507 43
508 95
509 43
510 20
511 2
512 20
513 9
514 7
515 66
516 35
517 88
518 39
519 62
520 17
521 18
522 225
523 37
524 11
525 29
526 6
527 62
528 31
529 3
530 226
531 39
532 37
533 39
534 10
535 3
536 103
537 25
538 18
539 12
540 37
541 40
542 39
543 37
544 20
545 37
546 9
547 37
548 10
549 95
550 25
551 45
552 73
553 93
554 25
555 169
556 8
557 115
558 37
559 17
560 11
561 31
562 37
563 50
564 8
565 40
566 12
567 95
568 0
569 14
570 9
571 7
572 115
573 30
574 10
575 10
576 8
577 6
578 37
579 10
580 66
581 10
582 227
583 15
584 18
585 29
586 25
587 11
588 31
589 20
590 11
591 1
592 49
593 9
594 48
595 35
596 84
597 66
598 29
599 9
600 29
601 11
602 31
603 39
604 26
605 37
606 2
607 65
608 39
609 10
610 93
611 74
612 16
613 37
614 49
615 93
616 22
617 39
618 29
619 113
620 62
621 12
622 7
623 37
624 37
625 48
626 29
627 29
628 53
629 18
630 11
631 31
632 39
633 44
634 37
635 103
636 25
637 93
638 37
639 66
640 0
641 44
642 22
643 11
644 10
645 26
646 48
647 52
648 26
649 40
650 37
651 20
652 62
653 11
654 57
655 17
656 115
657 52
658 3
659 20
660 20
661 20
662 10
663 62
664 228
665 229
666 103
667 37
668 12
669 72
670 25
671 20
672 93
673 46
674 3
675 121
676 6
677 37
678 31
679 57
680 1
681 12
682 28
683 3
684 25
685 3
686 37
687 26
688 95
689 62
690 55
691 39
692 1
693 2
694 121
695 12
696 37
697 18
698 62
699 36
700 25
701 7
702 25
703 29
704 39
705 37
706 25
707 62
708 14
709 37
710 18
711 119
712 37
713 0
714 66
715 20
716 12
717 31
718 10
719 124
720 49
721 29
722 57
723 37
724 29
725 17
726 62
727 8
728 12
729 8
730 37
731 161
732 15
733 37
734 15
735 3
736 65
737 16
738 11
739 12
740 17
741 8
742 14
743 14
744 100
745 10
746 115
747 2
748 35
749 33
750 8
751 25
752 11
753 14
754 12
755 43
756 31
757 35
758 115
759 73
760 11
761 8
762 90
763 31
764 18
765 66
766 66
767 31
768 53
769 20
770 29
771 25
772 14
773 8
774 29
775 17
776 20
777 9
778 9
779 26
780 39
781 12
782 62
783 0
784 17
785 52
786 48
787 18
788 39
789 22
790 18
791 25
792 22
793 20
794 75
795 6
796 44
797 20
798 95
799 17
800 3
801 36
802 66
803 37
804 90
805 9
806 26
807 10
808 8
809 12
810 3
811 48
812 115
813 2
814 6
815 18
816 53
817 15
818 45
819 20
820 3
821 6
822 10
823 10
824 12
825 10
826 9
827 17
828 10
829 3
830 12
831 37
832 48
833 44
834 3
835 36
836 11
837 230
838 115
839 44
840 25
841 47
842 14
843 3
844 17
845 49
846 199
847 37
848 57
849 15
850 66
851 103
852 73
853 9
854 28
855 65
856 11
857 66
858 2
859 75
860 97
861 11
862 17
863 85
864 0
865 9
866 57
867 62
868 44
869 25
870 10
871 26
872 0
873 231
874 69
875 3
876 66
877 11
878 29
879 6
880 3
881 37
882 29
883 62
884 66
885 26
886 43
887 115
888 55
889 53
890 2
891 31
892 20
893 25
894 8
895 12
896 75
897 31
898 85
899 115
900 20
901 20
902 25
903 18
904 20
905 22
906 66
907 2
908 25
909 103
910 50
911 44
912 52
913 17
914 55
915 10
916 43
917 115
918 40
919 20
920 57
921 20
922 29
923 37
924 37
925 10
926 9
927 3
928 20
929 48
930 66
931 37
932 18
933 29
934 12
935 37
936 62
937 25
938 11
939 20
940 20
941 45
942 26
943 12
944 66
945 29
946 31
947 52
948 115
949 48
950 232
951 10
952 57
953 18
954 55
955 37
956 46
957 3
958 20
959 53
960 65
961 12
962 26
963 18
964 37
965 48
966 25
967 3
968 20
969 37
970 18
971 37
972 97
973 65
974 49
975 97
976 16
977 18
978 75
979 11
980 11
981 18
982 37
983 6
984 25
985 62
986 169
987 2
988 15
989 18
990 37
991 233
992 0
993 57
994 3
995 49
996 49
997 50
998 115
999 37
1000 20
1001 14
1002 20
1003 25
1004 25
1005 57
1006 20
1007 52
1008 18
1009 62
1010 25
1011 45
1012 43
1013 44
1014 62
1015 20
1016 9
1017 20
1018 11
1019 12
1020 37
1021 45
1022 12
1023 101
1024 11
1025 20
1026 14
1027 14
1028 10
1029 3
1030 43
1031 16
1032 9
1033 20
1034 10
1035 103
1036 6
1037 234
1038 18
1039 10
1040 235
1041 14
1042 236
1043 26
1044 37
1045 26
1046 11
1047 44
1048 11
1049 11
1050 9
1051 22
1052 37
1053 40
1054 100
1055 39
1056 20
1057 20
1058 37
1059 37
1060 26
1061 73
1062 14
1063 31
1064 9
1065 40
1066 31
1067 8
1068 0
1069 52
1070 3
1071 69
1072 9
1073 69
1074 37
1075 37
1076 39
1077 103
1078 22
1079 25
1080 52
1081 53
1082 121
1083 115
1084 35
1085 45
1086 12
1087 20
1088 12
1089 53
1090 37
1091 53
1092 14
1093 11
1094 103
1095 25
1096 9
1097 15
1098 20
1099 22
1100 14
1101 28
1102 10
1103 113
1104 14
1105 37
1106 10
1107 18
1108 57
1109 52
1110 28
1111 39
1112 20
1113 22
1114 11
1115 37
1116 49
1117 43
1118 40
1119 49
1120 0
1121 25
1122 36
1123 57
1124 55
1125 66
1126 52
1127 18
1128 66
1129 31
1130 17
1131 103
1132 17
1133 37
1134 10
1135 18
1136 44
1137 57
1138 31
1139 20
1140 29
1141 52
1142 26
1143 53
1144 11
1145 48
1146 20
1147 73
1148 17
1149 31
1150 18
1151 115
1152 48
1153 40
1154 17
1155 53
1156 12
1157 39
1158 39
1159 103
1160 9
1161 37
1162 40
1163 11
1164 237
1165 16
1166 44
1167 3
1168 37
1169 66
1170 238
1171 52
1172 25
1173 11
1174 93
1175 9
1176 0
1177 2
1178 17
1179 38
1180 15
1181 3
1182 28
1183 18
1184 103
1185 25
1186 11
1187 20
1188 40
1189 161
1190 26
1191 20
1192 3
1193 11
1194 18
1195 17
1196 26
1197 11
1198 11
1199 44
1200 17
1201 25
1202 14
1203 9
1204 37
1205 9
1206 50
1207 37
1208 16
1209 17
1210 37
1211 47
1212 6
1213 39
1214 49
1215 9
1216 37
1217 55
1218 62
1219 25
1220 37
1221 11
1222 0
1223 69
1224 26
1225 26
1226 9
1227 29
1228 44
1229 39
1230 37
1231 18
1232 22
1233 31
1234 10
1235 50
1236 65
1237 6
1238 20
1239 22
1240 20
1241 3
1242 37
1243 37
1244 26
1245 15
1246 65
1247 3
1248 62
1249 39
1250 25
1251 11
1252 6
1253 169
1254 3
1255 0
1256 0
1257 10
1258 25
1259 26
1260 66
1261 40
1262 66
1263 22
1264 6
1265 43
1266 88
1267 73
1268 18
1269 37
1270 66
1271 0
1272 66
1273 31
1274 35
1275 44
1276 8
1277 20
1278 43
1279 11
1280 46
1281 43
1282 20
1283 20
1284 9
1285 18
1286 65
1287 22
1288 0
1289 9
1290 26
1291 0
1292 29
1293 75
1294 29
1295 39
1296 17
1297 20
1298 3
1299 25
1300 2
1301 28
1302 10
1303 10
1304 26
1305 3
1306 66
1307 29
1308 48
1309 26
1310 15
1311 115
1312 84
1313 11
1314 25
1315 9
1316 37
1317 45
1318 40
1319 14
1320 55
1321 93
1322 50
1323 15
1324 31
1325 40
1326 14
1327 37
1328 66
1329 53
1330 37
1331 38
1332 25
1333 20
1334 25
1335 48
1336 101
1337 48
1338 25
1339 11
1340 44
1341 12
1342 20
1343 17
1344 11
1345 18
1346 3
1347 6
1348 3
1349 2
1350 69
1351 20
1352 52
1353 36
1354 20
1355 20
1356 53
1357 119
1358 18
1359 49
1360 62
1361 26
1362 37
1363 2
1364 37
1365 119
1366 39
1367 3
1368 12
1369 18
1370 18
1371 66
1372 37
1373 37
1374 28
1375 14
1376 26
1377 10
1378 25
1379 66
1380 31
1381 66
1382 3
1383 53
1384 75
1385 25
1386 18
1387 62
1388 29
1389 10
1390 2
1391 31
1392 17
1393 39
1394 17
1395 37
1396 95
1397 57
1398 73
1399 37
1400 75
1401 37
1402 93
1403 52
1404 37
1405 37
1406 11
1407 15
1408 18
1409 53
1410 20
1411 14
1412 95
1413 9
1414 66
1415 3
1416 53
1417 8
1418 29
1419 31
1420 10
1421 11
1422 65
1423 33
1424 11
1425 17
1426 49
1427 62
1428 65
1429 26
1430 48
1431 20
1432 25
1433 44
1434 93
1435 3
1436 43
1437 40
1438 26
1439 14
1440 37
1441 3
1442 18
1443 29
1444 37
1445 50
1446 0
1447 65
1448 37
1449 44
1450 10
1451 43
1452 20
1453 3
1454 37
1455 66
1456 121
1457 14
1458 52
1459 11
1460 66
1461 31
1462 26
1463 26
1464 66
1465 14
1466 11
1467 115
1468 10
1469 93
1470 10
1471 9
1472 12
1473 37
1474 57
1475 11
1476 8
1477 97
1478 10
1479 37
1480 57
1481 39
1482 28
1483 25
1484 57
1485 31
1486 8
1487 7
1488 57
1489 8
1490 9
1491 9
1492 20
1493 115
1494 39
1495 3
1496 37
1497 0
1498 62
1499 62
1500 53
1501 25
1502 25
1503 49
1504 0
1505 62
1506 9
1507 3
1508 44
1509 45
1510 28
1511 9
1512 14
1513 39
1514 20
1515 55
1516 49
1517 36
1518 11
1519 187
1520 10
1521 73
1522 9
1523 46
1524 103
1525 29
1526 115
1527 17
1528 11
1529 31
1530 39
1531 37
1532 20
1533 15
1534 14
1535 18
1536 25
1537 9
1538 20
1539 57
1540 9
1541 39
1542 17
1543 11
1544 17
1545 7
1546 20
1547 239
1548 39
1549 20
1550 7
1551 66
1552 20
1553 39
1554 10
1555 65
1556 39
1557 8
1558 3
1559 37
1560 113
1561 37
1562 6
1563 9
1564 20
1565 9
1566 39
1567 9
1568 37
1569 11
1570 0
1571 25
1572 97
1573 45
1574 29
1575 20
1576 25
1577 45
1578 65
1579 10
1580 103
1581 103
1582 10
1583 37
1584 26
1585 119
1586 37
1587 16
1588 20
1589 22
1590 57
1591 25
1592 8
1593 11
1594 62
1595 37
1596 240
1597 33
1598 18
1599 3
1600 18
1601 25
1602 57
1603 115
1604 62
1605 8
1606 25
1607 14
1608 18
1609 103
1610 18
1611 29
1612 74
1613 57
1614 2
1615 31
1616 36
1617 20
1618 9
1619 26
1620 37
1621 45
1622 22
1623 12
1624 10
1625 2
1626 20
1627 44
1628 37
1629 31
1630 52
1631 20
1632 20
1633 39
1634 10
1635 16
1636 20
1637 9
1638 55
1639 29
1640 40
1641 35
1642 103
1643 12
1644 25
1645 66
1646 29
1647 8
1648 10
1649 3
1650 95
1651 37
1652 20
1653 0
1654 62
1655 20
1656 37
1657 62
1658 2
1659 18
1660 29
1661 8
1662 18
1663 95
1664 20
1665 37
1666 3
1667 25
1668 3
1669 39
1670 11
1671 36
1672 11
1673 17
1674 25
1675 43
1676 44
1677 37
1678 73
1679 31
1680 121
1681 40
1682 45
1683 88
1684 37
1685 18
1686 40
1687 25
1688 11
1689 15
1690 40
1691 52
1692 25
1693 20
1694 93
1695 12
1696 39
1697 36
1698 10
1699 14
1700 10
1701 65
1702 113
1703 17
1704 47
1705 50
1706 0
1707 3
1708 11
1709 17
1710 33
1711 48
1712 26
1713 103
1714 65
1715 74
1716 0
1717 25
1718 0
1719 26
1720 8
1721 31
1722 115
1723 11
1724 25
1725 62
1726 115
1727 29
1728 15
1729 43
1730 17
1731 55
1732 17
1733 53
1734 17
1735 3
1736 15
1737 57
1738 10
1739 121
1740 3
1741 18
1742 3
1743 26
1744 17
1745 12
1746 29
1747 3
1748 103
1749 18
1750 29
1751 11
1752 10
1753 43
1754 62
1755 44
1756 10
1757 3
1758 18
1759 29
1760 40
1761 6
1762 20
1763 14
1764 53
1765 25
1766 37
1767 121
1768 20
1769 11
1770 55
1771 55
1772 26
1773 37
1774 103
1775 9
1776 39
1777 37
1778 53
1779 3
1780 37
1781 37
1782 20
1783 18
1784 18
1785 8
1786 25
1787 31
1788 11
1789 62
1790 10
1791 10
1792 37
1793 20
1794 38
1795 25
1796 33
1797 62
1798 45
1799 31
1800 40
1801 69
1802 65
1803 31
1804 9
1805 7
1806 29
1807 37
1808 12
1809 26
1810 10
1811 85
1812 20
1813 48
1814 10
1815 57
1816 20
1817 103
1818 31
1819 115
1820 44
1821 15
1822 65
1823 12
1824 20
1825 11
1826 75
1827 33
1828 57
1829 17
1830 3
1831 14
1832 37
1833 93
1834 26
1835 50
1836 20
1837 241
1838 39
1839 11
1840 40
1841 57
1842 17
1843 3
1844 0
1845 121
1846 26
1847 29
1848 57
1849 29
1850 48
1851 55
1852 10
1853 29
1854 29
1855 17
1856 57
1857 20
1858 65
1859 69
1860 53
1861 35
1862 75
1863 1
1864 121
1865 10
1866 44
1867 53
1868 1
1869 40
1870 65
1871 43
1872 161
1873 44
1874 43
1875 36
1876 40
1877 37
1878 10
1879 65
1880 11
1881 9
1882 9
1883 6
1884 10
1885 57
1886 124
1887 18
1888 62
1889 75
1890 17
1891 11
1892 33
1893 17
1894 44
1895 52
1896 95
