26558 801
26559 801
26560 801
26561 960
26562 971
26563 904
26564 801
26565 904
26566 1043
26567 801
26568 966
26569 1057
26570 988
26571 960
26572 1059
26573 978
26574 960
26575 1060
26576 904
26577 959
26578 904
26579 966
26580 801
26581 801
26582 1056
26583 801
26584 801
26585 801
26586 801
26587 978
26588 969
26589 902
26590 969
26591 971
26592 969
26593 801
26594 801
26595 902
26596 801
26597 1065
26598 902
26599 971
26600 964
26601 971
26602 964
26603 801
26604 904
26605 978
26606 1056
26607 1056
26608 690
26609 964
26610 850
26611 960
26612 801
26613 971
26614 966
26615 971
26616 801
26617 904
26618 902
26619 1061
26620 801
26621 801
26622 971
26623 917
26624 960
26625 969
26626 978
26627 801
26628 801
26629 917
26630 959
26631 801
26632 917
26633 801
26634 801
26635 850
26636 904
26637 1057
26638 801
26639 801
26640 1064
26641 902
26642 971
26643 801
26644 801
26645 801
26646 904
26647 1064
26648 801
26649 1064
26650 801
26651 853
26652 801
26653 801
26654 978
26655 971
26656 801
26657 801
26658 988
26659 801
26660 690
26661 1065
26662 690
26663 904
26664 801
26665 850
26666 969
26667 904
26668 801
26669 801
26670 801
26671 801
26672 801
26673 850
26674 917
26675 801
26676 801
26677 797
26678 1067
26679 904
26680 917
26681 961
26682 1125
26683 978
26684 801
26685 904
26686 801
26687 971
26688 801
26689 1057
26690 850
26691 978
26692 801
26693 1057
26694 967
26695 801
26696 801
26697 971
26698 917
26699 801
26700 904
26701 961
26702 795
26703 856
26704 904
26705 978
26706 850
26707 978
26708 801
26709 801
26710 1043
26711 801
26712 969
26713 978
26714 801
26715 902
26716 801
26717 801
26718 1072
26719 988
26720 1061
26721 801
26722 917
26723 1043
26724 797
26725 1057
26726 971
26727 902
26728 971
26729 1057
26730 967
26731 978
26732 910
26733 969
26734 1043
26735 961
26736 971
26737 904
26738 801
26739 850
26740 960
26741 964
26742 978
26743 1056
26744 904
26745 801
26746 971
26747 917
26748 690
26749 690
26750 1064
26751 801
26752 801
26753 978
26754 904
26755 902
26756 904
26757 917
26758 960
26759 904
26760 902
26761 1060
26762 1061
26763 801
26764 795
26765 1061
26766 904
26767 971
26768 1064
26769 966
26770 1064
26771 902
26772 801
26773 904
26774 850
26775 971
26776 801
26777 801
26778 960
26779 801
26780 801
26781 801
26782 801
26783 902
26784 1067
26785 1043
26786 801
26787 1060
26788 904
26789 960
26790 904
26791 904
26792 967
26793 1064
26794 904
26795 850
26796 902
26797 801
26798 1057
26799 801
26800 1061
26801 690
26802 904
26803 801
26804 971
26805 801
26806 1064
26807 1057
26808 801
26809 902
26810 801
26811 1043
26812 904
26813 801
26814 801
26815 795
26816 1064
26817 969
26818 801
26819 801
26820 902
26821 801
26822 850
26823 1064
26824 917
26825 801
26826 801
26827 1057
26828 904
26829 850
26830 902
26831 1064
26832 902
26833 960
26834 801
26835 1043
26836 1064
26837 978
26838 902
26839 801
26840 964
26841 960
26842 904
26843 904
26844 902
26845 982
26846 971
26847 801
26848 801
26849 960
26850 904
26851 1064
26852 959
26853 971
26854 801
26855 960
26856 917
26857 801
26858 1064
26859 801
26860 801
26861 797
26862 801
26863 971
26864 850
26865 902
26866 1067
26867 801
26868 904
26869 988
26870 1064
26871 904
26872 902
26873 801
26874 690
26875 850
26876 902
26877 904
26878 902
26879 1043
26880 1056
26881 1060
26882 850
26883 1129
26884 1057
26885 902
26886 904
26887 801
26888 978
26889 1057
26890 1057
26891 904
26892 1064
26893 971
26894 902
26895 797
26896 978
26897 971
26898 902
26899 850
26900 904
26901 917
26902 1061
26903 917
26904 801
26905 850
26906 902
26907 904
26908 801
26909 960
26910 904
26911 801
26912 971
26913 1057
26914 801
26915 801
26916 801
26917 1064
26918 971
26919 801
26920 801
26921 1043
26922 850
26923 971
26924 902
26925 1064
26926 801
26927 917
26928 971
26929 969
26930 959
26931 801
26932 1056
26933 961
26934 917
26935 1056
26936 1043
26937 1057
26938 850
26939 960
26940 801
26941 801
26942 850
26943 979
26944 801
26945 971
26946 902
26947 904
26948 904
26949 850
26950 795
26951 904
26952 1072
26953 902
26954 978
26955 902
26956 801
26957 801
26958 1064
26959 801
26960 904
26961 904
26962 902
26963 1056
26964 1072
26965 971
26966 801
26967 1057
26968 801
26969 971
26970 801
26971 904
26972 801
26973 917
26974 801
26975 801
26976 1072
26977 971
26978 801
26979 801
26980 801
26981 904
26982 902
26983 801
26984 960
26985 904
26986 801
26987 801
26988 969
26989 801
26990 904
26991 904
26992 982
26993 971
26994 904
26995 801
26996 960
26997 971
26998 902
26999 960
27000 801
27001 902
27002 959
27003 801
27004 904
27005 902
27006 902
27007 978
27008 1057
27009 971
27010 1057
27011 904
27012 1056
27013 801
27014 801
27015 1057
27016 969
27017 1064
27018 801
27019 902
27020 971
27021 850
27022 850
27023 960
27024 1043
27025 904
27026 801
27027 801
27028 801
27029 902
27030 904
27031 904
27032 1130
27033 1060
27034 801
27035 1131
27036 797
27037 978
27038 904
27039 978
27040 801
27041 902
27042 978
27043 971
27044 801
27045 904
27046 917
27047 801
27048 1076
27049 964
27050 801
27051 801
27052 850
27053 801
27054 988
27055 850
27056 917
27057 966
27058 967
27059 969
27060 1059
27061 1064
27062 1057
27063 978
27064 917
27065 1065
27066 797
27067 801
27068 801
27069 971
27070 902
27071 801
27072 801
27073 1064
27074 801
27075 971
27076 904
27077 971
27078 850
27079 904
27080 801
27081 961
27082 904
27083 917
27084 971
27085 850
27086 904
27087 904
27088 971
27089 971
27090 801
27091 904
27092 1064
27093 1056
27094 801
27095 801
27096 1132
27097 801
27098 801
27099 1043
27100 801
27101 902
27102 801
27103 850
27104 801
27105 904
27106 1064
27107 801
27108 801
27109 1043
27110 917
27111 904
27112 801
27113 988
27114 1043
27115 801
27116 801
27117 971
27118 1064
27119 960
27120 795
27121 801
27122 978
27123 1043
27124 801
27125 971
27126 971
27127 960
27128 801
27129 690
27130 971
27131 801
27132 971
27133 1043
27134 971
27135 850
27136 801
27137 988
27138 917
27139 904
27140 1064
27141 1057
27142 801
27143 801
27144 801
27145 902
27146 904
27147 801
27148 801
27149 966
27150 801
27151 971
27152 904
27153 1056
27154 904
27155 917
27156 1056
27157 801
27158 1072
27159 960
27160 801
27161 1064
27162 801
27163 1064
27164 902
27165 959
27166 902
27167 1081
27168 902
27169 971
27170 902
27171 801
27172 904
27173 978
27174 801
27175 971
27176 964
27177 964
27178 801
27179 904
27180 801
27181 1043
27182 801
27183 801
27184 801
27185 1064
27186 917
27187 904
27188 801
27189 850
27190 904
27191 1043
27192 971
27193 960
27194 801
27195 902
27196 912
27197 971
27198 801
27199 1057
27200 971
27201 801
27202 1057
27203 690
27204 904
27205 801
27206 850
27207 960
27208 971
27209 801
27210 850
27211 850
27212 960
27213 971
27214 1061
27215 1064
27216 1057
27217 902
27218 1057
27219 961
27220 801
27221 904
27222 1060
27223 917
27224 795
27225 1057
27226 971
27227 904
27228 971
27229 971
27230 801
27231 801
27232 904
27233 801
27234 801
27235 1133
27236 978
27237 902
27238 1064
27239 964
27240 964
27241 801
27242 850
27243 902
27244 801
27245 988
27246 801
27247 801
27248 917
27249 801
27250 801
27251 971
27252 971
27253 917
27254 850
27255 902
27256 850
27257 801
27258 801
27259 902
27260 1061
27261 904
27262 971
27263 1064
27264 902
27265 850
27266 971
27267 902
27268 902
27269 801
27270 917
27271 850
27272 1056
27273 902
27274 904
27275 988
27276 1134
27277 801
27278 902
27279 902
27280 801
27281 971
27282 1081
27283 971
27284 801
27285 850
27286 1082
27287 966
27288 801
27289 1057
27290 1067
27291 1057
27292 801
27293 1083
27294 1064
27295 801
27296 904
27297 1064
27298 959
27299 971
27300 988
27301 797
27302 801
27303 801
27304 801
27305 1064
27306 850
27307 960
27308 1057
27309 801
27310 801
27311 1064
27312 801
27313 1057
27314 904
27315 797
27316 801
27317 988
27318 801
27319 971
27320 1064
27321 902
27322 1057
27323 1064
27324 971
27325 902
27326 801
27327 902
27328 961
27329 978
27330 1043
27331 801
27332 1043
27333 1135
27334 982
27335 801
27336 801
27337 801
27338 904
27339 904
27340 917
27341 971
27342 1065
27343 801
27344 967
27345 902
27346 971
27347 904
27348 917
27349 801
27350 971
27351 801
27352 971
27353 801
27354 801
27355 801
27356 902
27357 1043
27358 801
27359 1043
27360 971
27361 1064
27362 1043
27363 902
27364 917
27365 850
27366 1043
27367 850
27368 801
27369 966
27370 801
27371 801
27372 959
27373 902
27374 801
27375 917
27376 801
27377 1057
27378 904
27379 1057
27380 902
27381 904
27382 917
27383 801
27384 902
27385 801
27386 1136
27387 902
27388 904
27389 971
27390 966
27391 971
27392 801
27393 902
27394 978
27395 801
27396 904
27397 971
27398 917
27399 1064
27400 801
27401 801
27402 904
27403 801
27404 904
27405 801
27406 850
27407 1043
27408 801
27409 850
27410 801
27411 959
27412 978
27413 1043
27414 801
27415 971
27416 971
27417 690
27418 1067
27419 801
27420 917
27421 801
27422 850
27423 850
27424 971
27425 1064
27426 971
27427 801
27428 801
27429 917
27430 961
27431 967
27432 1043
27433 904
27434 1043
27435 850
27436 797
27437 801
27438 1043
27439 902
27440 902
27441 904
27442 978
27443 801
27444 1064
27445 902
27446 904
27447 690
27448 801
27449 801
27450 801
27451 801
27452 690
27453 801
27454 902
27455 978
27456 960
27457 850
27458 801
27459 969
27460 801
27461 971
27462 801
27463 904
27464 850
27465 904
27466 797
27467 801
27468 902
27469 1057
27470 690
27471 1043
27472 971
27473 801
27474 904
27475 969
27476 801
27477 971
27478 904
27479 801
27480 801
27481 801
27482 964
27483 801
27484 801
27485 982
27486 801
27487 960
27488 904
27489 1043
27490 1057
27491 795
27492 1043
27493 902
27494 966
27495 978
27496 960
27497 971
27498 971
27499 971
27500 1057
27501 801
27502 971
27503 801
27504 801
27505 902
27506 971
27507 988
27508 917
27509 904
27510 969
27511 971
27512 801
27513 904
27514 904
27515 971
27516 960
27517 1057
27518 1043
27519 1064
27520 917
27521 904
27522 1061
27523 1043
27524 1072
27525 917
27526 959
27527 801
27528 801
27529 1057
27530 1043
27531 1064
27532 1056
27533 971
27534 971
27535 1072
27536 902
27537 1064
27538 969
27539 961
27540 988
27541 801
27542 801
27543 988
27544 801
27545 801
27546 902
27547 801
27548 801
27549 801
27550 801
27551 904
27552 850
27553 988
27554 795
27555 971
27556 801
27557 1064
27558 978
27559 850
27560 801
27561 1057
27562 966
27563 917
27564 959
27565 1064
27566 801
27567 904
27568 850
27569 801
27570 690
27571 902
27572 801
27573 902
27574 1043
27575 904
27576 1064
27577 801
27578 801
27579 801
27580 1065
27581 902
27582 971
27583 801
27584 690
27585 850
27586 1082
27587 961
27588 917
27589 801
27590 1064
27591 971
27592 904
27593 971
27594 801
27595 1065
27596 904
27597 917
27598 902
27599 690
27600 904
27601 801
27602 801
27603 850
27604 902
27605 979
27606 988
27607 904
27608 978
27609 801
27610 971
27611 801
27612 902
27613 904
27614 801
27615 967
27616 902
27617 917
27618 902
27619 795
27620 801
27621 1043
27622 801
27623 797
27624 801
27625 801
27626 902
27627 971
27628 801
27629 904
27630 978
27631 904
27632 959
27633 902
27634 971
27635 960
27636 1064
27637 971
27638 978
27639 801
27640 979
27641 904
27642 1072
27643 904
27644 982
27645 971
27646 801
27647 966
27648 801
27649 1064
27650 801
27651 801
27652 902
27653 971
27654 902
27655 960
27656 797
27657 1057
27658 801
27659 959
27660 959
27661 971
27662 801
27663 904
27664 801
27665 902
27666 902
27667 801
27668 960
27669 979
27670 1137
27671 795
27672 904
27673 850
27674 797
27675 917
27676 904
27677 969
27678 690
27679 801
27680 904
27681 1057
27682 801
27683 801
27684 1064
27685 967
27686 917
27687 1064
27688 801
27689 801
27690 978
27691 982
27692 801
27693 1064
27694 1065
27695 801
27696 917
27697 971
27698 1064
27699 902
27700 801
27701 1056
27702 795
27703 978
27704 1065
27705 801
27706 801
27707 960
27708 904
27709 801
27710 988
27711 1043
27712 801
27713 971
27714 801
27715 801
27716 917
27717 1057
27718 971
27719 971
27720 917
27721 971
27722 801
27723 917
27724 1064
27725 801
27726 801
27727 801
27728 960
27729 971
27730 801
27731 904
27732 801
27733 902
27734 801
27735 917
27736 1056
27737 1061
27738 982
27739 971
27740 902
27741 801
27742 1057
27743 1057
27744 801
27745 964
27746 1067
27747 1043
27748 969
27749 971
27750 801
27751 904
27752 917
27753 971
27754 971
27755 971
27756 960
27757 1072
27758 801
27759 801
27760 850
27761 801
27762 1064
27763 978
27764 960
27765 966
27766 801
27767 1064
27768 904
27769 1057
27770 978
27771 690
27772 801
27773 1061
27774 904
27775 971
27776 971
27777 963
27778 904
27779 960
27780 801
27781 904
27782 1043
27783 801
27784 917
27785 902
27786 1064
27787 904
27788 1043
27789 801
27790 801
27791 971
27792 904
27793 801
27794 971
27795 902
27796 904
27797 801
27798 1064
27799 801
27800 904
27801 967
27802 1064
27803 959
27804 1065
27805 1065
27806 902
27807 971
27808 917
27809 801
27810 978
27811 1064
27812 801
27813 971
27814 1082
27815 801
27816 850
27817 1056
27818 801
27819 801
27820 801
27821 801
27822 917
27823 850
27824 917
27825 971
27826 801
27827 1043
27828 902
27829 969
27830 904
27831 801
27832 1056
27833 960
27834 902
27835 1043
27836 1072
27837 795
27838 971
27839 801
27840 801
27841 902
27842 801
27843 902
27844 971
27845 801
27846 902
27847 904
27848 1057
27849 801
27850 966
27851 971
27852 801
27853 971
27854 801
27855 988
27856 801
27857 971
27858 964
27859 917
27860 1058
27861 801
27862 1064
27863 1057
27864 960
27865 801
27866 801
27867 1057
27868 910
27869 801
27870 904
27871 1064
27872 904
27873 801
27874 801
27875 1043
27876 978
27877 801
27878 801
27879 1064
27880 850
27881 978
27882 971
27883 971
27884 971
27885 971
27886 850
27887 904
27888 904
27889 801
27890 801
27891 801
27892 1067
27893 801
27894 960
27895 961
27896 904
27897 902
27898 971
27899 917
27900 904
27901 902
27902 960
27903 902
27904 795
27905 969
27906 850
27907 801
27908 971
27909 1064
27910 801
27911 690
27912 801
27913 801
27914 801
27915 801
27916 1064
27917 801
27918 1064
27919 971
27920 801
27921 1043
27922 971
27923 904
27924 853
27925 902
27926 960
27927 904
27928 1083
27929 801
27930 1043
27931 801
27932 902
27933 1056
27934 801
27935 971
27936 904
27937 988
27938 904
27939 801
27940 960
27941 1043
27942 902
27943 971
27944 801
27945 1057
27946 902
27947 801
27948 1043
27949 801
27950 904
27951 801
27952 904
27953 1043
27954 801
27955 801
27956 801
27957 902
27958 967
27959 902
27960 1057
27961 904
27962 801
27963 801
27964 850
27965 801
27966 1082
27967 690
27968 1072
27969 1043
27970 801
27971 1057
27972 904
27973 969
27974 801
27975 801
27976 801
27977 801
27978 801
27979 978
27980 1064
27981 971
27982 1057
27983 1060
27984 971
27985 1043
27986 960
27987 1057
27988 1082
27989 801
27990 801
27991 1064
27992 902
27993 1057
27994 904
27995 1057
27996 1138
27997 1056
27998 801
27999 988
28000 801
28001 801
28002 801
28003 971
28004 960
28005 904
28006 1064
28007 1043
28008 978
28009 971
28010 1064
28011 1057
28012 1056
28013 978
28014 971
28015 795
28016 690
28017 801
28018 902
28019 801
28020 902
28021 797
28022 902
28023 960
28024 801
28025 801
28026 917
28027 917
28028 969
28029 902
28030 801
28031 971
28032 850
28033 801
28034 904
28035 904
28036 850
28037 960
28038 850
28039 917
28040 801
28041 971
28042 801
28043 1064
28044 988
28045 902
28046 971
28047 904
28048 1043
28049 850
28050 801
28051 917
28052 801
28053 801
28054 795
28055 1061
28056 971
28057 801
28058 960
28059 690
28060 1064
28061 801
28062 1043
28063 971
28064 801
28065 1056
28066 801
28067 960
28068 801
28069 904
28070 801
28071 801
28072 801
28073 978
28074 1057
28075 904
28076 801
28077 904
28078 971
28079 801
28080 1057
28081 917
28082 971
28083 801
28084 801
28085 795
28086 1072
28087 917
28088 1057
28089 801
28090 917
28091 971
28092 801
28093 801
28094 961
28095 902
28096 795
28097 960
28098 1064
28099 1076
28100 971
28101 904
28102 971
28103 971
28104 801
28105 1057
28106 988
28107 1057
28108 917
28109 971
28110 801
28111 904
28112 904
28113 988
28114 904
28115 850
28116 904
28117 801
28118 801
28119 1060
28120 1043
28121 801
28122 961
28123 969
28124 801
28125 971
28126 850
28127 902
28128 1057
28129 904
28130 801
28131 801
28132 959
28133 960
28134 917
28135 801
28136 801
28137 801
28138 971
28139 904
28140 801
28141 801
28142 1057
28143 902
28144 971
28145 902
28146 971
28147 902
28148 917
28149 902
28150 961
28151 904
28152 801
28153 797
28154 1082
28155 971
28156 971
28157 801
28158 904
28159 971
28160 853
28161 801
28162 902
28163 978
28164 971
28165 850
28166 850
28167 971
28168 971
28169 801
28170 1057
28171 904
28172 801
28173 850
28174 801
28175 1064
28176 917
28177 853
28178 1056
28179 971
28180 801
28181 801
28182 964
28183 801
28184 801
28185 971
28186 795
28187 1064
28188 801
28189 850
28190 1057
28191 978
28192 904
28193 801
28194 1064
28195 904
28196 801
28197 971
28198 1056
28199 969
28200 801
28201 902
28202 971
28203 1064
28204 801
28205 801
28206 801
28207 1065
28208 801
28209 971
28210 801
28211 960
28212 801
28213 982
28214 902
28215 917
28216 801
28217 902
28218 1060
28219 1057
28220 1064
28221 971
28222 1064
28223 978
28224 902
28225 969
28226 1067
28227 690
28228 971
28229 801
28230 801
28231 971
28232 971
28233 902
28234 1064
28235 971
28236 801
28237 850
28238 801
28239 904
28240 801
28241 904
28242 1064
28243 971
28244 801
28245 1043
28246 969
28247 971
28248 801
28249 801
28250 1064
28251 904
28252 801
28253 1139
28254 904
28255 801
28256 904
28257 902
28258 801
28259 902
28260 902
28261 801
28262 904
28263 690
28264 971
28265 904
28266 904
28267 971
28268 801
28269 917
28270 801
28271 902
28272 1056
28273 917
28274 801
28275 1060
28276 801
28277 1064
28278 982
28279 1057
28280 904
28281 971
28282 1057
28283 971
28284 801
28285 971
28286 978
28287 904
28288 904
28289 801
28290 902
28291 850
28292 960
28293 971
28294 978
28295 801
28296 1057
28297 801
28298 801
28299 904
28300 801
28301 978
28302 902
28303 801
28304 801
28305 966
28306 1057
28307 801
28308 801
28309 850
28310 1043
28311 690
28312 971
28313 978
28314 801
28315 801
28316 971
28317 1057
28318 904
28319 1064
28320 801
28321 971
28322 801
28323 971
28324 902
28325 971
28326 1061
28327 971
28328 801
28329 1060
28330 1057
28331 801
28332 904
28333 1065
28334 801
28335 904
28336 1057
28337 971
28338 801
28339 1057
28340 917
28341 1043
28342 801
28343 850
28344 902
28345 917
28346 904
28347 1056
28348 904
28349 850
28350 801
28351 801
28352 904
28353 904
28354 917
28355 971
28356 1064
28357 1057
28358 971
28359 850
28360 801
28361 971
28362 960
28363 801
28364 1064
28365 801
28366 801
28367 801
28368 1064
28369 902
28370 801
28371 902
28372 902
28373 801
28374 902
28375 795
28376 1057
28377 966
28378 801
28379 902
28380 801
28381 960
28382 902
28383 1064
28384 971
28385 1072
28386 902
28387 1057
28388 971
28389 850
28390 978
28391 801
28392 969
28393 904
28394 1064
28395 801
28396 964
28397 904
28398 982
28399 1082
28400 966
28401 1064
28402 1043
28403 853
28404 801
28405 1065
28406 959
28407 971
28408 904
28409 917
28410 902
28411 978
28412 964
28413 801
28414 1043
28415 978
28416 971
28417 917
28418 1061
28419 917
28420 1060
28421 801
28422 690
28423 966
28424 801
28425 902
28426 1057
28427 1065
28428 961
28429 960
28430 902
28431 1089
28432 960
28433 960
28434 960
28435 902
28436 1065
28437 902
28438 961
28439 902
28440 960
28441 1065
28442 902
28443 960
28444 1089
28445 902
28446 978
28447 1065
28448 1065
28449 978
28450 1065
28451 969
28452 961
28453 1065
28454 902
