22764 690
22765 690
22766 857
22767 631
22768 857
22769 690
22770 875
22771 857
22772 690
22773 631
22774 690
22775 860
22776 853
22777 690
22778 690
22779 631
22780 954
22781 857
22782 690
22783 690
22784 857
22785 690
22786 797
22787 690
22788 857
22789 631
22790 875
22791 631
22792 690
22793 809
22794 631
22795 690
22796 857
22797 899
22798 690
22799 631
22800 690
22801 797
22802 857
22803 631
22804 899
22805 690
22806 902
22807 631
22808 690
22809 690
22810 857
22811 857
22812 801
22813 857
22814 857
22815 857
22816 865
22817 631
22818 857
22819 690
22820 857
22821 857
22822 857
22823 857
22824 899
22825 631
22826 631
22827 631
22828 637
22829 902
22830 902
22831 690
22832 857
22833 797
22834 631
22835 690
22836 857
22837 797
22838 690
22839 899
22840 857
22841 865
22842 857
22843 857
22844 857
22845 690
22846 857
22847 865
22848 902
22849 631
22850 690
22851 797
22852 631
22853 797
22854 899
22855 902
22856 865
22857 875
22858 631
22859 690
22860 857
22861 797
22862 857
22863 631
22864 797
22865 857
22866 865
22867 631
22868 865
22869 690
22870 857
22871 875
22872 899
22873 690
22874 631
22875 690
22876 631
22877 797
22878 875
22879 631
22880 690
22881 690
22882 797
22883 690
22884 899
22885 797
22886 857
22887 857
22888 857
22889 857
22890 857
22891 899
22892 690
22893 857
22894 857
22895 875
22896 690
22897 899
22898 690
22899 865
22900 857
22901 809
22902 857
22903 690
22904 801
22905 631
22906 857
22907 631
22908 899
22909 875
22910 899
22911 899
22912 631
22913 857
22914 857
22915 899
22916 857
22917 631
22918 899
22919 690
22920 631
22921 690
22922 857
22923 899
22924 875
22925 797
22926 899
22927 690
22928 809
22929 690
22930 857
22931 899
22932 857
22933 690
22934 690
22935 899
22936 857
22937 637
22938 797
22939 899
22940 857
22941 857
22942 857
22943 899
22944 899
22945 631
22946 899
22947 865
22948 857
22949 899
22950 690
22951 631
22952 690
22953 631
22954 902
22955 899
22956 857
22957 899
22958 690
22959 875
22960 631
22961 899
22962 857
22963 857
22964 690
22965 857
22966 690
22967 899
22968 690
22969 690
22970 857
22971 899
22972 857
22973 631
22974 910
22975 690
22976 899
22977 809
22978 899
22979 797
22980 857
22981 631
22982 631
22983 797
22984 690
22985 631
22986 857
22987 631
22988 857
22989 875
22990 637
22991 631
22992 857
22993 690
22994 690
22995 857
22996 690
22997 631
22998 637
22999 899
23000 690
23001 857
23002 857
23003 631
23004 875
23005 857
23006 857
23007 690
23008 631
23009 690
23010 797
23011 899
23012 690
23013 797
23014 875
23015 797
23016 631
23017 631
23018 899
23019 857
23020 857
23021 875
23022 865
23023 857
23024 902
23025 857
23026 690
23027 797
23028 899
23029 631
23030 899
23031 865
23032 902
23033 899
23034 902
23035 797
23036 857
23037 797
23038 899
23039 637
23040 857
23041 690
23042 690
23043 797
23044 857
23045 899
23046 857
23047 865
23048 865
23049 690
23050 631
23051 899
23052 857
23053 857
23054 902
23055 631
23056 857
23057 631
23058 899
23059 631
23060 631
23061 797
23062 797
23063 690
23064 857
23065 631
23066 850
23067 631
23068 690
23069 875
23070 690
23071 690
23072 637
23073 797
23074 857
23075 857
23076 631
23077 865
23078 631
23079 899
23080 690
23081 857
23082 857
23083 865
23084 857
23085 856
23086 857
23087 899
23088 857
23089 857
23090 857
23091 797
23092 631
23093 690
23094 899
23095 857
23096 797
23097 857
23098 797
23099 902
23100 631
23101 857
23102 797
23103 690
23104 865
23105 690
23106 631
23107 857
23108 857
23109 797
23110 857
23111 875
23112 875
23113 797
23114 899
23115 899
23116 857
23117 902
23118 857
23119 690
23120 690
23121 797
23122 690
23123 690
23124 875
23125 631
23126 857
23127 809
23128 902
23129 631
23130 690
23131 857
23132 857
23133 857
23134 875
23135 875
23136 690
23137 857
23138 690
23139 631
23140 690
23141 631
23142 875
23143 631
23144 690
23145 899
23146 857
23147 857
23148 857
23149 797
23150 631
23151 865
23152 865
23153 690
23154 875
23155 690
23156 875
23157 857
23158 857
23159 809
23160 631
23161 690
23162 631
23163 857
23164 857
23165 690
23166 857
23167 797
23168 899
23169 875
23170 797
23171 857
23172 857
23173 865
23174 690
23175 899
23176 899
23177 631
23178 865
23179 631
23180 875
23181 690
23182 955
23183 857
23184 857
23185 899
23186 899
23187 801
23188 631
23189 902
23190 857
23191 857
23192 899
23193 899
23194 690
23195 857
23196 857
23197 899
23198 899
23199 690
23200 857
23201 857
23202 865
23203 690
23204 809
23205 875
23206 857
23207 809
23208 801
23209 631
23210 631
23211 857
23212 797
23213 797
23214 690
23215 797
23216 857
23217 875
23218 690
23219 857
23220 899
23221 797
23222 857
23223 690
23224 631
23225 857
23226 690
23227 631
23228 631
23229 875
23230 631
23231 631
23232 899
23233 857
23234 857
23235 857
23236 631
23237 631
23238 857
23239 902
23240 631
23241 857
23242 857
23243 797
23244 899
23245 857
23246 857
23247 857
23248 899
23249 875
23250 857
23251 857
23252 690
23253 865
23254 857
23255 857
23256 797
23257 865
23258 857
23259 899
23260 857
23261 690
23262 857
23263 865
23264 690
23265 875
23266 797
23267 797
23268 637
23269 899
23270 857
23271 865
23272 902
23273 857
23274 690
23275 857
23276 690
23277 857
23278 631
23279 690
23280 797
23281 631
23282 857
23283 856
23284 899
23285 857
23286 860
23287 857
23288 902
23289 857
23290 857
23291 899
23292 690
23293 690
23294 857
23295 899
23296 797
23297 809
23298 631
23299 631
23300 797
23301 857
23302 904
23303 631
23304 857
23305 690
23306 857
23307 875
23308 809
23309 859
23310 690
23311 690
23312 690
23313 857
23314 865
23315 875
23316 857
23317 690
23318 631
23319 797
23320 857
23321 857
23322 690
23323 875
23324 690
23325 631
23326 857
23327 857
23328 631
23329 850
23330 875
23331 857
23332 857
23333 857
23334 631
23335 875
23336 631
23337 899
23338 797
23339 899
23340 875
23341 857
23342 865
23343 809
23344 902
23345 797
23346 899
23347 690
23348 899
23349 797
23350 859
23351 857
23352 637
23353 631
23354 631
23355 857
23356 857
23357 690
23358 690
23359 899
23360 902
23361 860
23362 899
23363 857
23364 875
23365 899
23366 690
23367 809
23368 865
23369 857
23370 899
23371 857
23372 857
23373 875
23374 690
23375 857
23376 857
23377 899
23378 690
23379 875
23380 865
23381 797
23382 857
23383 690
23384 690
23385 899
23386 857
23387 690
23388 809
23389 865
23390 857
23391 865
23392 857
23393 857
23394 902
23395 875
23396 857
23397 875
23398 899
23399 875
23400 690
23401 857
23402 690
23403 875
23404 865
23405 690
23406 797
23407 857
23408 899
23409 899
23410 875
23411 899
23412 631
23413 857
23414 631
23415 875
23416 865
23417 631
23418 690
23419 809
23420 857
23421 797
23422 801
23423 690
23424 631
23425 902
23426 899
23427 875
23428 899
23429 865
23430 875
23431 857
23432 690
23433 899
23434 631
23435 631
23436 690
23437 690
23438 631
23439 637
23440 631
23441 631
23442 631
23443 875
23444 865
23445 631
23446 690
23447 637
23448 631
23449 631
23450 690
23451 857
23452 857
23453 857
23454 875
23455 899
23456 690
23457 690
23458 857
23459 865
23460 690
23461 899
23462 857
23463 690
23464 857
23465 910
23466 857
23467 857
23468 631
23469 857
23470 899
23471 857
23472 857
23473 899
23474 797
23475 857
23476 631
23477 875
23478 857
23479 865
23480 690
23481 631
23482 899
23483 857
23484 899
23485 690
23486 899
23487 875
23488 690
23489 631
23490 857
23491 865
23492 797
23493 690
23494 857
23495 857
23496 899
23497 865
23498 857
23499 857
23500 857
23501 801
23502 857
23503 865
23504 899
23505 857
23506 857
23507 899
23508 631
23509 795
23510 899
23511 902
23512 857
23513 899
23514 690
23515 631
23516 857
23517 899
23518 857
23519 797
23520 899
23521 865
23522 690
23523 899
23524 857
23525 809
23526 857
23527 857
23528 690
23529 797
23530 912
23531 690
23532 795
23533 875
23534 902
23535 857
23536 690
23537 875
23538 899
23539 902
23540 857
23541 631
23542 857
23543 875
23544 690
23545 865
23546 899
23547 899
23548 857
23549 631
23550 631
23551 690
23552 875
23553 857
23554 809
23555 857
23556 899
23557 899
23558 902
23559 690
23560 797
23561 857
23562 865
23563 631
23564 865
23565 899
23566 690
23567 899
23568 865
23569 631
23570 902
23571 690
23572 631
23573 857
23574 690
23575 631
23576 857
23577 899
23578 899
23579 857
23580 857
23581 899
23582 857
23583 797
23584 797
23585 797
23586 865
23587 865
23588 631
23589 902
23590 690
23591 690
23592 865
23593 857
23594 631
23595 690
23596 899
23597 875
23598 910
23599 690
23600 690
23601 795
23602 875
23603 865
23604 899
23605 857
23606 899
23607 690
23608 857
23609 797
23610 797
23611 912
23612 797
23613 875
23614 910
23615 690
23616 875
23617 631
23618 631
23619 857
23620 899
23621 875
23622 857
23623 899
23624 631
23625 857
23626 797
23627 690
23628 899
23629 857
23630 865
23631 902
23632 797
23633 631
23634 899
23635 857
23636 875
23637 899
23638 690
23639 899
23640 899
23641 910
23642 875
23643 690
23644 809
23645 801
23646 902
23647 797
23648 631
23649 857
23650 797
23651 857
23652 899
23653 899
23654 690
23655 857
23656 857
23657 631
23658 857
23659 631
23660 875
23661 857
23662 797
23663 690
23664 857
23665 857
23666 690
23667 631
23668 690
23669 631
23670 690
23671 899
23672 857
23673 902
23674 797
23675 631
23676 797
23677 899
23678 857
23679 899
23680 875
23681 797
23682 857
23683 875
23684 857
23685 690
23686 690
23687 875
23688 875
23689 857
23690 795
23691 899
23692 857
23693 857
23694 857
23695 899
23696 875
23697 865
23698 797
23699 690
23700 631
23701 902
23702 857
23703 690
23704 857
23705 857
23706 797
23707 899
23708 875
23709 902
23710 690
23711 690
23712 690
23713 797
23714 857
23715 902
23716 857
23717 857
23718 899
23719 860
23720 857
23721 857
23722 857
23723 899
23724 857
23725 875
23726 899
23727 899
23728 899
23729 797
23730 801
23731 690
23732 875
23733 899
23734 857
23735 690
23736 875
23737 865
23738 857
23739 795
23740 899
23741 902
23742 899
23743 857
23744 857
23745 690
23746 690
23747 899
23748 899
23749 631
23750 797
23751 631
23752 857
23753 857
23754 631
23755 797
23756 801
23757 690
23758 857
23759 902
23760 631
23761 857
23762 690
23763 902
23764 797
23765 857
23766 857
23767 690
23768 690
23769 631
23770 797
23771 857
23772 875
23773 902
23774 865
23775 902
23776 631
23777 637
23778 875
23779 899
23780 857
23781 631
23782 631
23783 857
23784 902
23785 875
23786 797
23787 857
23788 690
23789 899
23790 857
23791 857
23792 899
23793 690
23794 899
23795 690
23796 857
23797 857
23798 857
23799 857
23800 795
23801 902
23802 801
23803 899
23804 899
23805 875
23806 857
23807 857
23808 631
23809 865
23810 797
23811 690
23812 899
23813 690
23814 899
23815 899
23816 857
23817 865
23818 690
23819 899
23820 797
23821 857
23822 690
23823 797
23824 865
23825 956
23826 857
23827 857
23828 899
23829 902
23830 797
23831 857
23832 857
23833 875
23834 899
23835 857
23836 857
23837 690
23838 865
23839 857
23840 875
23841 631
23842 637
23843 899
23844 809
23845 857
23846 797
23847 857
23848 690
23849 865
23850 690
23851 857
23852 899
23853 850
23854 899
23855 631
23856 857
23857 857
23858 631
23859 690
23860 797
23861 797
23862 797
23863 875
23864 631
23865 631
23866 690
23867 857
23868 797
23869 795
23870 899
23871 899
23872 857
23873 631
23874 857
23875 875
23876 857
23877 875
23878 857
23879 899
23880 690
23881 857
23882 857
23883 865
23884 857
23885 809
23886 857
23887 853
23888 857
23889 797
23890 631
23891 875
23892 875
23893 857
23894 857
23895 631
23896 857
23897 902
23898 631
23899 631
23900 637
23901 690
23902 857
23903 857
23904 690
23905 801
23906 801
23907 857
23908 899
23909 631
23910 795
23911 857
23912 857
23913 857
23914 690
23915 857
23916 857
23917 631
23918 857
23919 797
23920 797
23921 899
23922 857
23923 631
23924 857
23925 690
23926 797
23927 690
23928 875
23929 797
23930 857
23931 899
23932 899
23933 865
23934 690
23935 875
23936 875
23937 902
23938 690
23939 809
23940 857
23941 899
23942 857
23943 690
23944 631
23945 690
23946 801
23947 899
23948 857
23949 857
23950 690
23951 875
23952 857
23953 795
23954 631
23955 857
23956 631
23957 865
23958 690
23959 899
23960 690
23961 902
23962 857
23963 899
23964 690
23965 857
23966 857
23967 797
23968 857
23969 631
23970 631
23971 690
23972 690
23973 797
23974 899
23975 857
23976 690
23977 690
23978 857
23979 631
23980 899
23981 809
23982 690
23983 857
23984 875
23985 857
23986 690
23987 797
23988 865
23989 690
23990 857
23991 690
23992 631
23993 631
23994 809
23995 690
23996 857
23997 902
23998 875
23999 875
24000 899
24001 899
24002 899
24003 865
24004 690
24005 797
24006 797
24007 899
24008 690
24009 631
24010 899
24011 797
24012 857
24013 631
24014 899
24015 857
24016 690
24017 875
24018 631
24019 853
24020 809
24021 690
24022 899
24023 797
24024 797
24025 797
24026 857
24027 857
24028 899
24029 631
24030 690
24031 899
24032 857
24033 899
24034 875
24035 857
24036 857
24037 690
24038 899
24039 865
24040 631
24041 690
24042 809
24043 797
24044 899
24045 690
24046 857
24047 857
24048 899
24049 857
24050 797
24051 690
24052 865
24053 899
24054 690
24055 899
24056 809
24057 857
24058 797
24059 631
24060 801
24061 690
24062 875
24063 857
24064 857
24065 690
24066 690
24067 857
24068 857
24069 902
24070 899
24071 899
24072 857
24073 899
24074 690
24075 631
24076 797
24077 631
24078 690
24079 865
24080 857
24081 857
24082 797
24083 631
24084 631
24085 857
24086 631
24087 797
24088 902
24089 797
24090 690
24091 690
24092 899
24093 637
24094 690
24095 690
24096 857
24097 690
24098 631
24099 690
24100 797
24101 631
24102 857
24103 875
24104 899
24105 631
24106 875
24107 875
24108 857
24109 690
24110 865
24111 637
24112 631
24113 797
24114 875
24115 690
24116 857
24117 899
24118 631
24119 690
24120 797
24121 899
24122 797
24123 797
24124 690
24125 690
24126 902
24127 857
24128 690
24129 631
24130 902
24131 690
24132 875
24133 899
24134 899
24135 899
24136 899
24137 899
24138 865
24139 899
24140 631
24141 875
24142 690
24143 857
24144 857
24145 899
24146 690
24147 631
24148 795
24149 857
24150 875
24151 631
24152 857
24153 631
24154 631
24155 875
24156 899
24157 857
24158 815
24159 875
24160 797
24161 631
24162 631
24163 899
24164 857
24165 690
24166 690
24167 899
24168 690
24169 809
24170 857
24171 899
24172 902
24173 809
24174 899
24175 809
24176 910
24177 875
24178 875
24179 631
24180 899
24181 809
24182 857
24183 899
24184 857
24185 797
24186 857
24187 690
24188 797
24189 690
24190 637
24191 875
24192 637
24193 875
24194 899
24195 875
24196 631
24197 856
24198 857
24199 899
24200 631
24201 631
24202 690
24203 857
24204 637
24205 857
24206 865
24207 857
24208 797
24209 899
24210 631
24211 857
24212 899
24213 899
24214 857
24215 631
24216 875
24217 899
24218 637
24219 631
24220 865
24221 797
24222 690
24223 690
24224 809
24225 857
24226 857
24227 637
24228 857
24229 690
24230 857
24231 875
24232 902
24233 857
24234 899
24235 797
24236 910
24237 631
24238 857
24239 857
24240 857
24241 899
24242 865
24243 857
24244 631
24245 797
24246 899
24247 899
24248 899
24249 857
24250 631
24251 809
24252 797
24253 899
24254 857
24255 865
24256 899
24257 631
24258 690
24259 899
24260 795
24261 899
24262 857
24263 690
24264 902
24265 857
24266 875
24267 853
24268 856
24269 809
24270 857
24271 857
24272 857
24273 631
24274 902
24275 631
24276 857
24277 690
24278 875
24279 902
24280 797
24281 857
24282 865
24283 690
24284 857
24285 899
24286 857
24287 857
24288 631
24289 857
24290 899
24291 690
24292 899
24293 904
24294 797
24295 857
24296 857
24297 902
24298 857
24299 690
24300 902
24301 875
24302 690
24303 631
24304 857
24305 809
24306 797
24307 857
24308 875
24309 857
24310 857
24311 690
24312 637
24313 857
24314 631
24315 857
24316 690
24317 857
24318 857
24319 690
24320 857
24321 899
24322 631
24323 899
24324 875
24325 690
24326 902
24327 857
24328 690
24329 809
24330 631
24331 690
24332 875
24333 857
24334 904
24335 690
24336 690
24337 690
24338 857
24339 857
24340 899
24341 902
24342 899
24343 631
24344 690
24345 857
24346 899
24347 865
24348 875
24349 690
24350 857
24351 875
24352 797
24353 865
24354 875
24355 865
24356 631
24357 690
24358 875
24359 875
24360 899
24361 899
24362 857
24363 809
24364 857
24365 690
24366 690
24367 902
24368 631
24369 690
24370 875
24371 857
24372 690
24373 690
24374 797
24375 857
24376 857
24377 857
24378 637
24379 690
24380 809
24381 690
24382 797
24383 690
24384 797
24385 690
24386 809
24387 690
24388 631
24389 902
24390 899
24391 795
24392 857
24393 690
24394 899
24395 690
24396 690
24397 875
24398 857
24399 631
24400 899
24401 797
24402 899
24403 631
24404 875
24405 899
24406 801
24407 857
24408 899
24409 899
24410 857
24411 690
24412 865
24413 899
24414 797
24415 899
24416 857
24417 797
24418 875
24419 857
24420 857
24421 690
24422 865
24423 857
24424 899
24425 857
24426 899
24427 899
24428 690
24429 875
24430 899
24431 690
24432 631
24433 631
24434 797
24435 902
24436 875
24437 875
24438 857
24439 797
24440 857
24441 899
24442 690
24443 809
24444 631
24445 637
24446 899
24447 875
24448 690
24449 875
24450 690
24451 865
24452 797
24453 809
24454 902
24455 857
24456 631
24457 875
24458 857
24459 690
24460 857
24461 631
24462 857
24463 857
24464 899
24465 690
24466 857
24467 875
24468 690
24469 899
24470 690
24471 875
24472 631
24473 690
24474 797
24475 809
24476 809
24477 809
24478 857
24479 857
24480 631
24481 857
24482 899
24483 797
24484 690
24485 631
24486 899
24487 857
24488 690
24489 853
24490 809
24491 857
24492 857
24493 857
24494 875
24495 631
24496 899
24497 797
24498 631
24499 899
24500 857
24501 857
24502 857
24503 857
24504 857
24505 690
24506 857
24507 795
24508 875
24509 857
24510 857
24511 875
24512 857
24513 797
24514 690
24515 631
24516 690
24517 899
24518 637
24519 857
24520 857
24521 902
24522 690
24523 865
24524 857
24525 899
24526 899
24527 637
24528 857
24529 637
24530 797
24531 875
24532 857
24533 899
24534 631
24535 631
24536 857
24537 875
24538 875
24539 865
24540 690
24541 857
24542 857
24543 857
24544 875
24545 631
24546 899
24547 631
24548 690
24549 850
24550 857
24551 865
24552 899
24553 857
24554 631
24555 631
24556 857
24557 857
24558 902
24559 857
24560 690
24561 857
24562 899
24563 857
24564 797
24565 899
24566 902
24567 857
24568 899
24569 690
24570 631
24571 631
24572 809
24573 857
24574 899
24575 631
24576 857
24577 690
24578 690
24579 902
24580 797
24581 857
24582 875
24583 857
24584 857
24585 899
24586 899
24587 631
24588 857
24589 690
24590 857
24591 797
24592 631
24593 865
24594 899
24595 857
24596 631
24597 637
24598 857
24599 875
24600 690
24601 631
24602 875
24603 857
24604 857
24605 801
24606 902
24607 899
24608 899
24609 857
24610 899
24611 631
24612 899
24613 899
24614 857
24615 690
24616 899
24617 902
24618 690
24619 857
24620 631
24621 690
24622 857
24623 875
24624 899
24625 957
24626 690
24627 857
24628 865
24629 857
24630 690
24631 631
24632 857
24633 797
24634 857
24635 899
24636 865
24637 801
24638 910
24639 801
24640 958
24641 865
24642 917
24643 910
24644 959
24645 801
24646 801
24647 801
24648 960
24649 801
24650 910
24651 910
24652 801
24653 801
24654 917
24655 801
24656 961
24657 853
24658 801
24659 801
24660 690
