15176 730
15177 729
15178 665
15179 346
15180 665
15181 420
15182 665
15183 38
15184 266
15185 729
15186 665
15187 278
15188 665
15189 66
15190 420
15191 55
15192 730
15193 420
15194 730
15195 55
15196 730
15197 730
15198 420
15199 730
15200 262
15201 665
15202 730
15203 730
15204 420
15205 420
15206 262
15207 228
15208 729
15209 278
15210 187
15211 278
15212 244
15213 55
15214 730
15215 420
15216 732
15217 244
15218 730
15219 244
15220 730
15221 38
15222 244
15223 730
15224 262
15225 665
15226 611
15227 244
15228 266
15229 266
15230 730
15231 733
15232 665
15233 420
15234 228
15235 55
15236 730
15237 244
15238 730
15239 420
15240 729
15241 55
15242 420
15243 266
15244 262
15245 278
15246 244
15247 665
15248 665
15249 730
15250 244
15251 420
15252 730
15253 730
15254 363
15255 31
15256 244
15257 355
15258 278
15259 244
15260 420
15261 244
15262 278
15263 730
15264 665
15265 244
15266 420
15267 665
15268 262
15269 278
15270 665
15271 55
15272 39
15273 244
15274 730
15275 420
15276 266
15277 665
15278 730
15279 730
15280 730
15281 55
15282 420
15283 244
15284 730
15285 730
15286 665
15287 732
15288 730
15289 665
15290 730
15291 420
15292 730
15293 278
15294 729
15295 729
15296 244
15297 55
15298 6
15299 730
15300 730
15301 244
15302 66
15303 665
15304 732
15305 730
15306 66
15307 55
15308 420
15309 244
15310 262
15311 161
15312 730
15313 730
15314 729
15315 278
15316 730
15317 729
15318 40
15319 420
15320 665
15321 665
15322 420
15323 729
15324 730
15325 244
15326 420
15327 730
15328 420
15329 420
15330 730
15331 420
15332 355
15333 355
15334 244
15335 262
15336 346
15337 730
15338 420
15339 665
15340 244
15341 730
15342 730
15343 244
15344 55
15345 665
15346 244
15347 278
15348 244
15349 420
15350 487
15351 730
15352 278
15353 730
15354 730
15355 730
15356 730
15357 244
15358 223
15359 730
15360 66
15361 31
15362 730
15363 665
15364 55
15365 730
15366 38
15367 665
15368 730
15369 665
15370 730
15371 730
15372 730
15373 730
15374 244
15375 730
15376 244
15377 730
15378 730
15379 244
15380 729
15381 278
15382 244
15383 665
15384 244
15385 262
15386 244
15387 730
15388 730
15389 7
15390 420
15391 665
15392 278
15393 420
15394 665
15395 262
15396 55
15397 730
15398 665
15399 730
15400 55
15401 730
15402 729
15403 730
15404 62
15405 730
15406 665
15407 262
15408 262
15409 278
15410 278
15411 262
15412 730
15413 420
15414 730
15415 730
15416 262
15417 730
15418 244
15419 244
15420 377
15421 420
15422 730
15423 665
15424 244
15425 244
15426 266
15427 730
15428 244
15429 244
15430 55
15431 420
15432 38
15433 420
15434 665
15435 244
15436 730
15437 244
15438 266
15439 420
15440 665
15441 730
15442 420
15443 420
15444 665
15445 730
15446 746
15447 244
15448 244
15449 730
15450 730
15451 244
15452 730
15453 244
15454 244
15455 244
15456 262
15457 730
15458 730
15459 262
15460 420
15461 278
15462 730
15463 40
15464 665
15465 730
15466 730
15467 665
15468 730
15469 355
15470 730
15471 244
15472 730
15473 730
15474 731
15475 730
15476 665
15477 103
15478 266
15479 55
15480 244
15481 737
15482 244
15483 730
15484 244
15485 55
15486 730
15487 278
15488 729
15489 420
15490 266
15491 729
15492 244
15493 729
15494 665
15495 40
15496 420
15497 378
15498 671
15499 420
15500 730
15501 730
15502 420
15503 244
15504 420
15505 420
15506 730
15507 266
15508 665
15509 665
15510 729
15511 730
15512 665
15513 730
15514 665
15515 730
15516 730
15517 66
15518 420
15519 420
15520 730
15521 730
15522 258
15523 730
15524 228
15525 730
15526 420
15527 6
15528 55
15529 420
15530 244
15531 244
15532 420
15533 40
15534 730
15535 512
15536 244
15537 355
15538 730
15539 244
15540 730
15541 665
15542 665
15543 730
15544 498
15545 266
15546 355
15547 665
15548 262
15549 38
15550 730
15551 730
15552 244
15553 262
15554 244
15555 665
15556 730
15557 665
15558 730
15559 730
15560 730
15561 512
15562 730
15563 420
15564 665
15565 55
15566 730
15567 665
15568 262
15569 66
15570 55
15571 278
15572 262
15573 378
15574 38
15575 420
15576 665
15577 665
15578 244
15579 498
15580 732
15581 55
15582 278
15583 730
15584 731
15585 420
15586 730
15587 420
15588 665
15589 244
15590 665
15591 55
15592 244
15593 262
15594 420
15595 730
15596 730
15597 262
15598 665
15599 730
15600 244
15601 278
15602 355
15603 730
15604 730
15605 420
15606 244
15607 244
15608 420
15609 730
15610 420
15611 512
15612 730
15613 244
15614 420
15615 55
15616 244
15617 730
15618 665
15619 611
15620 262
15621 730
15622 730
15623 262
15624 729
15625 278
15626 278
15627 665
15628 420
15629 38
15630 278
15631 730
15632 746
15633 355
15634 244
15635 355
15636 730
15637 730
15638 6
15639 665
15640 266
15641 730
15642 730
15643 730
15644 420
15645 420
15646 66
15647 729
15648 244
15649 244
15650 730
15651 665
15652 730
15653 355
15654 266
15655 244
15656 730
15657 671
15658 730
15659 729
15660 730
15661 730
15662 244
15663 420
15664 244
15665 730
15666 498
15667 244
15668 161
15669 244
15670 278
15671 38
15672 730
15673 730
15674 262
15675 733
15676 730
15677 38
15678 611
15679 730
15680 262
15681 730
15682 262
15683 278
15684 278
15685 244
15686 730
15687 730
15688 55
15689 249
15690 244
15691 665
15692 420
15693 420
15694 420
15695 730
15696 420
15697 730
15698 665
15699 363
15700 228
15701 420
15702 732
15703 244
15704 729
15705 730
15706 262
15707 278
15708 730
15709 730
15710 262
15711 730
15712 420
15713 665
15714 420
15715 420
15716 730
15717 66
15718 355
15719 266
15720 730
15721 730
15722 266
15723 262
15724 730
15725 730
15726 730
15727 244
15728 38
15729 730
15730 262
15731 665
15732 17
15733 55
15734 262
15735 665
15736 278
15737 420
15738 730
15739 665
15740 266
15741 730
15742 665
15743 355
15744 266
15745 420
15746 420
15747 730
15748 278
15749 244
15750 665
15751 244
15752 730
15753 665
15754 244
15755 730
15756 730
15757 244
15758 244
15759 665
15760 266
15761 730
15762 665
15763 346
15764 244
15765 17
15766 420
15767 420
15768 262
15769 730
15770 420
15771 420
15772 730
15773 363
15774 729
15775 420
15776 665
15777 616
15778 244
15779 244
15780 730
15781 730
15782 420
15783 262
15784 665
15785 378
15786 244
15787 244
15788 730
15789 363
15790 420
15791 244
15792 730
15793 730
15794 730
15795 55
15796 420
15797 262
15798 266
15799 420
15800 665
15801 616
15802 363
15803 420
15804 262
15805 244
15806 262
15807 244
15808 346
15809 741
15810 278
15811 420
15812 262
15813 730
15814 262
15815 665
15816 266
15817 420
15818 730
15819 420
15820 665
15821 420
15822 244
15823 730
15824 665
15825 244
15826 355
15827 665
15828 420
15829 730
15830 730
15831 730
15832 665
15833 729
15834 665
15835 355
15836 665
15837 730
15838 730
15839 665
15840 55
15841 244
15842 665
15843 38
15844 729
15845 244
15846 665
15847 244
15848 729
15849 66
15850 665
15851 420
15852 420
15853 55
15854 420
15855 420
15856 262
15857 420
15858 730
15859 732
15860 244
15861 244
15862 55
15863 244
15864 420
15865 730
15866 420
15867 228
15868 40
15869 730
15870 420
15871 420
15872 730
15873 420
15874 730
15875 266
15876 730
15877 244
15878 730
15879 363
15880 420
15881 730
15882 346
15883 730
15884 278
15885 730
15886 244
15887 730
15888 732
15889 730
15890 244
15891 730
15892 729
15893 420
15894 420
15895 420
15896 262
15897 665
15898 38
15899 355
15900 244
15901 244
15902 266
15903 346
15904 244
15905 730
15906 355
15907 244
15908 730
15909 420
15910 730
15911 665
15912 278
15913 665
15914 244
15915 730
15916 244
15917 730
15918 665
15919 498
15920 278
15921 420
15922 420
15923 730
15924 420
15925 262
15926 665
15927 244
15928 730
15929 278
15930 187
15931 262
15932 55
15933 730
15934 665
15935 278
15936 420
15937 266
15938 665
15939 266
15940 420
15941 730
15942 244
15943 262
15944 730
15945 262
15946 266
15947 730
15948 244
15949 38
15950 730
15951 244
15952 228
15953 730
15954 254
15955 729
15956 244
15957 244
15958 665
15959 355
15960 262
15961 244
15962 730
15963 258
15964 420
15965 262
15966 730
15967 730
15968 266
15969 730
15970 55
15971 730
15972 420
15973 249
15974 665
15975 187
15976 244
15977 244
15978 730
15979 729
15980 278
15981 244
15982 262
15983 378
15984 420
15985 665
15986 244
15987 262
15988 730
15989 244
15990 611
15991 420
15992 665
15993 665
15994 244
15995 228
15996 278
15997 55
15998 355
15999 55
16000 161
16001 420
16002 244
16003 262
16004 665
16005 55
16006 729
16007 262
16008 730
16009 665
16010 420
16011 355
16012 278
16013 665
16014 665
16015 346
16016 346
16017 730
16018 266
16019 244
16020 730
16021 38
16022 517
16023 40
16024 730
16025 420
16026 730
16027 420
16028 38
16029 730
16030 730
16031 262
16032 788
16033 730
16034 665
16035 665
16036 244
16037 665
16038 262
16039 244
16040 730
16041 730
16042 420
16043 266
16044 730
16045 730
16046 665
16047 420
16048 730
16049 420
16050 730
16051 665
16052 731
16053 55
16054 420
16055 244
16056 262
16057 665
16058 665
16059 278
16060 420
16061 730
16062 420
16063 55
16064 730
16065 746
16066 730
16067 244
16068 228
16069 262
16070 665
16071 730
16072 730
16073 665
16074 730
16075 420
16076 244
16077 665
16078 262
16079 730
16080 512
16081 262
16082 420
16083 730
16084 665
16085 278
16086 262
16087 420
16088 420
16089 730
16090 244
16091 420
16092 730
16093 6
16094 729
16095 420
16096 730
16097 730
16098 730
16099 730
16100 420
16101 262
16102 730
16103 55
16104 346
16105 55
16106 278
16107 262
16108 730
16109 730
16110 420
16111 420
16112 730
16113 665
16114 244
16115 262
16116 244
16117 244
16118 55
16119 420
16120 665
16121 420
16122 66
16123 611
16124 244
16125 730
16126 730
16127 730
16128 665
16129 730
16130 244
16131 730
16132 420
16133 665
16134 223
16135 244
16136 278
16137 244
16138 346
16139 665
16140 266
16141 665
16142 355
16143 244
16144 278
16145 665
16146 730
16147 420
16148 730
16149 730
16150 346
16151 730
16152 730
16153 729
16154 262
16155 244
16156 38
16157 278
16158 729
16159 729
16160 244
16161 665
16162 730
16163 420
16164 420
16165 730
16166 665
16167 730
16168 730
16169 730
16170 420
16171 38
16172 355
16173 730
16174 187
16175 420
16176 665
16177 266
16178 355
16179 665
16180 665
16181 420
16182 262
16183 665
16184 665
16185 262
16186 611
16187 730
16188 420
16189 420
16190 355
16191 420
16192 55
16193 55
16194 420
16195 66
16196 244
16197 266
16198 55
16199 244
16200 55
16201 730
16202 6
16203 730
16204 730
16205 729
16206 420
16207 665
16208 665
16209 262
16210 420
16211 730
16212 665
16213 730
16214 262
16215 121
16216 731
16217 244
16218 420
16219 38
16220 420
16221 278
16222 730
16223 420
16224 730
16225 730
16226 730
16227 420
16228 665
16229 6
16230 665
16231 730
16232 665
16233 420
16234 665
16235 420
16236 38
16237 730
16238 730
16239 244
16240 355
16241 729
16242 665
16243 346
16244 266
16245 420
16246 244
16247 665
16248 665
16249 789
16250 730
16251 665
16252 730
16253 730
16254 730
16255 244
16256 7
16257 730
16258 266
16259 665
16260 730
16261 665
16262 730
16263 66
16264 420
16265 420
16266 420
16267 55
16268 378
16269 665
16270 420
16271 278
16272 420
16273 420
16274 55
16275 730
16276 730
16277 665
16278 244
16279 790
16280 730
16281 730
16282 40
16283 730
16284 420
16285 420
16286 665
16287 730
16288 665
16289 420
16290 730
16291 244
16292 262
16293 730
16294 40
16295 420
16296 420
16297 38
16298 730
16299 730
16300 730
16301 730
16302 665
16303 355
16304 665
16305 420
16306 363
16307 420
16308 420
16309 244
16310 730
16311 730
16312 665
16313 730
16314 730
16315 244
16316 420
16317 665
16318 346
16319 420
16320 244
16321 420
16322 244
16323 262
16324 55
16325 262
16326 791
16327 420
16328 266
16329 262
16330 346
16331 38
16332 730
16333 498
16334 665
16335 244
16336 40
16337 420
16338 730
16339 420
16340 611
16341 38
16342 346
16343 244
16344 244
16345 730
16346 244
16347 730
16348 665
16349 665
16350 730
16351 730
16352 730
16353 66
16354 729
16355 363
16356 420
16357 266
16358 223
16359 278
16360 665
16361 346
16362 278
16363 244
16364 729
16365 38
16366 729
16367 611
16368 346
16369 730
16370 665
16371 730
16372 665
16373 244
16374 244
16375 278
16376 730
16377 420
16378 355
16379 732
16380 730
16381 420
16382 420
16383 498
16384 262
16385 730
16386 244
16387 420
16388 420
16389 346
16390 420
16391 420
16392 665
16393 66
16394 665
16395 38
16396 420
16397 244
16398 420
16399 665
16400 244
16401 730
16402 730
16403 665
16404 420
16405 730
16406 420
16407 346
16408 730
16409 730
16410 731
16411 731
16412 730
16413 731
16414 55
16415 730
16416 355
16417 730
16418 244
16419 55
16420 262
16421 420
16422 420
16423 66
16424 730
16425 730
16426 244
16427 244
16428 262
16429 792
16430 244
16431 730
16432 730
16433 38
16434 244
16435 730
16436 420
16437 665
16438 730
16439 244
16440 420
16441 278
16442 665
16443 278
16444 730
16445 244
16446 732
16447 420
16448 55
16449 266
16450 498
16451 665
16452 665
16453 730
16454 278
16455 355
16456 420
16457 40
16458 420
16459 420
16460 420
16461 66
16462 730
16463 730
16464 262
16465 730
16466 730
16467 730
16468 262
16469 730
16470 732
16471 346
16472 730
16473 730
16474 420
16475 249
16476 66
16477 420
16478 420
16479 262
16480 361
16481 244
16482 244
16483 420
16484 262
16485 730
16486 66
16487 55
16488 244
16489 55
16490 262
16491 266
16492 244
16493 730
16494 730
16495 665
16496 55
16497 55
16498 730
16499 730
16500 420
16501 262
16502 730
16503 38
16504 730
16505 278
16506 730
16507 730
16508 730
16509 665
16510 420
16511 730
16512 729
16513 730
16514 517
16515 420
16516 244
16517 730
16518 665
16519 244
16520 730
16521 730
16522 244
16523 420
16524 665
16525 665
16526 420
16527 730
16528 512
16529 730
16530 262
16531 746
16532 420
16533 730
16534 420
16535 7
16536 266
16537 730
16538 420
16539 346
16540 729
16541 55
16542 244
16543 730
16544 665
16545 730
16546 730
16547 244
16548 420
16549 730
16550 665
16551 730
16552 665
16553 665
16554 244
16555 420
16556 244
16557 38
16558 244
16559 420
16560 278
16561 665
16562 730
16563 38
16564 730
16565 244
16566 730
16567 244
16568 665
16569 17
16570 420
16571 244
16572 730
16573 730
16574 420
16575 730
16576 420
16577 730
16578 244
16579 730
16580 730
16581 730
16582 730
16583 420
16584 665
16585 55
16586 17
16587 244
16588 266
16589 730
16590 420
16591 730
16592 17
16593 741
16594 278
16595 730
16596 730
16597 420
16598 420
16599 223
16600 420
16601 420
16602 665
16603 346
16604 244
16605 730
16606 244
16607 355
16608 665
16609 730
16610 66
16611 420
16612 278
16613 730
16614 730
16615 730
16616 244
16617 262
16618 730
16619 420
16620 223
16621 262
16622 262
16623 729
16624 55
16625 665
16626 244
16627 262
16628 262
16629 420
16630 262
16631 730
16632 249
16633 244
16634 244
16635 729
16636 278
16637 420
16638 420
16639 420
16640 730
16641 55
16642 244
16643 665
16644 38
16645 420
16646 244
16647 420
16648 244
16649 420
16650 665
16651 244
16652 420
16653 730
16654 730
16655 244
16656 262
16657 262
16658 420
16659 730
16660 244
16661 262
16662 244
16663 665
16664 244
16665 665
16666 420
16667 730
16668 55
16669 730
16670 665
16671 420
16672 244
16673 278
16674 266
16675 517
16676 737
16677 730
16678 730
16679 420
16680 244
16681 665
16682 420
16683 244
16684 730
16685 665
16686 363
16687 420
16688 244
16689 355
16690 420
16691 730
16692 730
16693 55
16694 730
16695 420
16696 38
16697 730
16698 730
16699 266
16700 420
16701 266
16702 113
16703 730
16704 665
16705 420
16706 244
16707 730
16708 244
16709 730
16710 55
16711 55
16712 730
16713 730
16714 262
16715 793
16716 55
16717 611
16718 244
16719 729
16720 730
16721 420
16722 244
16723 729
16724 730
16725 355
16726 420
16727 244
16728 420
16729 244
16730 55
16731 730
16732 730
16733 616
16734 244
16735 278
16736 665
16737 730
16738 420
16739 55
16740 420
16741 266
16742 730
16743 730
16744 729
16745 262
16746 730
16747 244
16748 266
16749 266
16750 278
16751 420
16752 420
16753 420
16754 730
16755 730
16756 244
16757 665
16758 262
16759 244
16760 730
16761 665
16762 420
16763 31
16764 730
16765 730
16766 730
16767 665
16768 611
16769 346
16770 262
16771 665
16772 730
16773 730
16774 420
16775 730
16776 665
16777 262
16778 355
16779 420
16780 244
16781 278
16782 244
16783 38
16784 244
16785 730
16786 40
16787 244
16788 266
16789 262
16790 355
16791 244
16792 730
16793 223
16794 355
16795 730
16796 730
16797 244
16798 262
16799 665
16800 262
16801 730
16802 244
16803 730
16804 244
16805 244
16806 665
16807 730
16808 262
16809 55
16810 616
16811 420
16812 730
16813 262
16814 665
16815 731
16816 262
16817 730
16818 730
16819 665
16820 244
16821 262
16822 38
16823 266
16824 55
16825 730
16826 420
16827 420
16828 244
16829 730
16830 55
16831 266
16832 262
16833 729
16834 17
16835 730
16836 278
16837 244
16838 730
16839 665
16840 420
16841 420
16842 262
16843 266
16844 420
16845 66
16846 244
16847 730
16848 729
16849 420
16850 730
16851 730
16852 55
16853 420
16854 55
16855 346
16856 730
16857 665
16858 665
16859 244
16860 665
16861 730
16862 730
16863 730
16864 730
16865 262
16866 730
16867 55
16868 266
16869 420
16870 420
16871 262
16872 244
16873 730
16874 420
16875 420
16876 262
16877 665
16878 244
16879 730
16880 244
16881 266
16882 244
16883 17
16884 262
16885 278
16886 730
16887 420
16888 729
16889 262
16890 244
16891 420
16892 278
16893 346
16894 244
16895 730
16896 244
16897 730
16898 355
16899 278
16900 420
16901 244
16902 730
16903 730
16904 665
16905 262
16906 244
16907 730
16908 38
16909 730
16910 420
16911 730
16912 420
16913 38
16914 420
16915 730
16916 730
16917 355
16918 665
16919 730
16920 420
16921 228
16922 730
16923 665
16924 730
16925 730
16926 6
16927 730
16928 730
16929 262
16930 730
16931 266
16932 730
16933 420
16934 665
16935 730
16936 420
16937 66
16938 420
16939 730
16940 55
16941 355
16942 665
16943 55
16944 730
16945 244
16946 278
16947 262
16948 665
16949 730
16950 665
16951 278
16952 729
16953 665
16954 730
16955 264
16956 278
16957 262
16958 730
16959 665
16960 17
16961 244
16962 55
16963 730
16964 746
16965 420
16966 361
16967 665
16968 730
16969 729
16970 346
16971 730
16972 730
16973 55
16974 730
16975 730
16976 665
16977 730
16978 665
16979 244
16980 730
16981 38
16982 278
16983 420
16984 730
16985 730
16986 420
16987 730
16988 730
16989 266
16990 730
16991 40
16992 730
16993 746
16994 420
16995 278
16996 40
16997 730
16998 730
16999 730
17000 730
17001 262
17002 262
17003 730
17004 266
17005 244
17006 420
17007 730
17008 244
17009 278
17010 730
17011 244
17012 244
17013 266
17014 355
17015 55
17016 665
17017 665
17018 730
17019 420
17020 420
17021 420
17022 244
17023 665
17024 244
17025 244
17026 730
17027 262
17028 730
17029 244
17030 17
17031 730
17032 665
17033 38
17034 730
17035 244
17036 266
17037 420
17038 420
17039 420
17040 420
17041 730
17042 665
17043 223
17044 665
17045 730
17046 378
17047 244
17048 355
17049 420
17050 665
17051 420
17052 730
17053 420
17054 244
17055 266
17056 244
17057 66
17058 502
17059 66
17060 226
17061 794
17062 50
17063 795
17064 14
17065 502
17066 66
17067 66
17068 355
17069 66
17070 355
17071 266
17072 78
