15176 633
15177 689
15178 688
15179 663
15180 688
15181 658
15182 688
15183 646
15184 690
15185 689
15186 688
15187 691
15188 688
15189 702
15190 658
15191 663
15192 633
15193 658
15194 633
15195 663
15196 692
15197 692
15198 658
15199 692
15200 693
15201 688
15202 692
15203 633
15204 658
15205 658
15206 693
15207 348
15208 689
15209 691
15210 570
15211 691
15212 648
15213 663
15214 692
15215 658
15216 578
15217 648
15218 633
15219 648
15220 692
15221 646
15222 648
15223 692
15224 693
15225 688
15226 633
15227 648
15228 690
15229 690
15230 633
15231 646
15232 688
15233 658
15234 348
15235 633
15236 633
15237 648
15238 633
15239 658
15240 689
15241 633
15242 658
15243 690
15244 693
15245 691
15246 648
15247 688
15248 688
15249 633
15250 648
15251 658
15252 692
15253 633
15254 572
15255 648
15256 648
15257 631
15258 691
15259 648
15260 658
15261 648
15262 691
15263 692
15264 688
15265 648
15266 658
15267 688
15268 693
15269 691
15270 688
15271 633
15272 633
15273 648
15274 633
15275 658
15276 690
15277 688
15278 633
15279 633
15280 633
15281 663
15282 658
15283 648
15284 633
15285 633
15286 688
15287 578
15288 633
15289 688
15290 633
15291 658
15292 633
15293 691
15294 689
15295 689
15296 648
15297 663
15298 633
15299 633
15300 633
15301 648
15302 702
15303 688
15304 578
15305 633
15306 702
15307 663
15308 658
15309 648
15310 693
15311 696
15312 633
15313 692
15314 689
15315 691
15316 692
15317 689
15318 696
15319 658
15320 688
15321 688
15322 658
15323 689
15324 633
15325 648
15326 658
15327 633
15328 658
15329 658
15330 692
15331 658
15332 692
15333 578
15334 648
15335 693
15336 663
15337 692
15338 658
15339 688
15340 648
15341 633
15342 633
15343 648
15344 633
15345 688
15346 648
15347 691
15348 648
15349 658
15350 692
15351 633
15352 691
15353 633
15354 692
15355 692
15356 633
15357 648
15358 663
15359 633
15360 702
15361 646
15362 633
15363 688
15364 663
15365 633
15366 646
15367 688
15368 633
15369 688
15370 692
15371 692
15372 633
15373 633
15374 648
15375 633
15376 648
15377 633
15378 692
15379 646
15380 689
15381 691
15382 648
15383 688
15384 648
15385 693
15386 648
15387 633
15388 633
15389 696
15390 658
15391 688
15392 691
15393 658
15394 688
15395 693
15396 663
15397 633
15398 688
15399 633
15400 663
15401 633
15402 689
15403 633
15404 658
15405 633
15406 688
15407 693
15408 693
15409 691
15410 691
15411 693
15412 692
15413 658
15414 633
15415 633
15416 693
15417 633
15418 648
15419 648
15420 658
15421 658
15422 633
15423 688
15424 648
15425 648
15426 690
15427 633
15428 648
15429 648
15430 572
15431 658
15432 646
15433 658
15434 688
15435 648
15436 633
15437 648
15438 690
15439 658
15440 688
15441 692
15442 658
15443 658
15444 688
15445 633
15446 348
15447 648
15448 648
15449 692
15450 633
15451 648
15452 633
15453 648
15454 648
15455 648
15456 693
15457 633
15458 633
15459 693
15460 658
15461 691
15462 633
15463 696
15464 688
15465 633
15466 633
15467 688
15468 633
15469 633
15470 633
15471 648
15472 633
15473 633
15474 692
15475 633
15476 688
15477 578
15478 690
15479 663
15480 648
15481 696
15482 648
15483 633
15484 648
15485 692
15486 633
15487 691
15488 689
15489 658
15490 690
15491 689
15492 648
15493 689
15494 688
15495 696
15496 658
15497 691
15498 633
15499 658
15500 692
15501 633
15502 658
15503 648
15504 658
15505 658
15506 572
15507 690
15508 688
15509 688
15510 689
15511 633
15512 688
15513 692
15514 688
15515 633
15516 633
15517 702
15518 658
15519 658
15520 633
15521 633
15522 696
15523 633
15524 348
15525 633
15526 658
15527 633
15528 633
15529 658
15530 648
15531 648
15532 658
15533 696
15534 692
15535 641
15536 648
15537 578
15538 633
15539 648
15540 633
15541 688
15542 688
15543 633
15544 633
15545 690
15546 578
15547 688
15548 693
15549 646
15550 633
15551 692
15552 648
15553 693
15554 648
15555 688
15556 633
15557 688
15558 692
15559 633
15560 633
15561 696
15562 633
15563 658
15564 688
15565 663
15566 633
15567 688
15568 693
15569 702
15570 663
15571 691
15572 693
15573 691
15574 646
15575 658
15576 688
15577 688
15578 648
15579 633
15580 578
15581 633
15582 691
15583 633
15584 692
15585 658
15586 633
15587 658
15588 688
15589 648
15590 688
15591 663
15592 648
15593 693
15594 658
15595 692
15596 633
15597 693
15598 688
15599 633
15600 648
15601 691
15602 578
15603 633
15604 633
15605 658
15606 648
15607 648
15608 658
15609 633
15610 658
15611 696
15612 633
15613 648
15614 658
15615 663
15616 648
15617 633
15618 688
15619 692
15620 693
15621 633
15622 633
15623 693
15624 689
15625 691
15626 691
15627 688
15628 658
15629 646
15630 691
15631 633
15632 348
15633 631
15634 648
15635 578
15636 633
15637 633
15638 633
15639 688
15640 690
15641 633
15642 633
15643 633
15644 658
15645 658
15646 702
15647 689
15648 648
15649 648
15650 633
15651 688
15652 692
15653 578
15654 690
15655 648
15656 633
15657 633
15658 633
15659 689
15660 633
15661 633
15662 648
15663 658
15664 648
15665 633
15666 729
15667 648
15668 696
15669 648
15670 691
15671 646
15672 633
15673 633
15674 693
15675 646
15676 633
15677 646
15678 692
15679 633
15680 693
15681 633
15682 693
15683 691
15684 691
15685 648
15686 633
15687 633
15688 633
15689 633
15690 648
15691 688
15692 658
15693 658
15694 658
15695 692
15696 658
15697 633
15698 688
15699 633
15700 348
15701 658
15702 578
15703 648
15704 689
15705 633
15706 693
15707 691
15708 692
15709 633
15710 693
15711 633
15712 658
15713 688
15714 658
15715 658
15716 633
15717 702
15718 578
15719 690
15720 633
15721 633
15722 690
15723 693
15724 633
15725 633
15726 692
15727 648
15728 646
15729 633
15730 693
15731 688
15732 692
15733 663
15734 693
15735 688
15736 691
15737 658
15738 692
15739 688
15740 690
15741 633
15742 688
15743 578
15744 690
15745 658
15746 658
15747 633
15748 691
15749 648
15750 688
15751 648
15752 633
15753 688
15754 648
15755 633
15756 633
15757 648
15758 648
15759 688
15760 690
15761 633
15762 688
15763 663
15764 648
15765 692
15766 658
15767 658
15768 693
15769 633
15770 658
15771 658
15772 633
15773 633
15774 689
15775 658
15776 688
15777 692
15778 648
15779 648
15780 633
15781 633
15782 658
15783 693
15784 688
15785 691
15786 648
15787 648
15788 633
15789 578
15790 658
15791 648
15792 633
15793 692
15794 633
15795 633
15796 658
15797 693
15798 690
15799 658
15800 688
15801 692
15802 578
15803 658
15804 693
15805 15
15806 693
15807 648
15808 663
15809 701
15810 691
15811 658
15812 693
15813 633
15814 693
15815 688
15816 690
15817 658
15818 633
15819 658
15820 688
15821 658
15822 648
15823 633
15824 688
15825 648
15826 578
15827 688
15828 658
15829 633
15830 692
15831 633
15832 688
15833 689
15834 688
15835 578
15836 688
15837 633
15838 633
15839 688
15840 663
15841 648
15842 688
15843 646
15844 689
15845 648
15846 688
15847 648
15848 689
15849 702
15850 688
15851 658
15852 658
15853 663
15854 658
15855 658
15856 693
15857 658
15858 633
15859 633
15860 648
15861 648
15862 663
15863 648
15864 658
15865 633
15866 658
15867 348
15868 696
15869 633
15870 658
15871 658
15872 692
15873 658
15874 633
15875 690
15876 633
15877 648
15878 633
15879 572
15880 658
15881 633
15882 663
15883 633
15884 691
15885 692
15886 648
15887 633
15888 572
15889 692
15890 648
15891 633
15892 689
15893 658
15894 658
15895 658
15896 693
15897 688
15898 646
15899 631
15900 648
15901 648
15902 690
15903 663
15904 648
15905 633
15906 631
15907 648
15908 633
15909 658
15910 633
15911 688
15912 691
15913 688
15914 648
15915 633
15916 648
15917 633
15918 688
15919 633
15920 691
15921 658
15922 658
15923 633
15924 658
15925 693
15926 688
15927 648
15928 633
15929 691
15930 570
15931 693
15932 663
15933 692
15934 688
15935 691
15936 658
15937 690
15938 688
15939 690
15940 658
15941 633
15942 648
15943 693
15944 633
15945 693
15946 690
15947 633
15948 648
15949 646
15950 633
15951 648
15952 348
15953 633
15954 696
15955 689
15956 648
15957 648
15958 688
15959 578
15960 693
15961 648
15962 572
15963 696
15964 658
15965 693
15966 692
15967 633
15968 690
15969 633
15970 663
15971 633
15972 658
15973 633
15974 688
15975 570
15976 648
15977 648
15978 692
15979 689
15980 691
15981 648
15982 693
15983 691
15984 658
15985 688
15986 648
15987 693
15988 692
15989 648
15990 633
15991 658
15992 688
15993 688
15994 648
15995 348
15996 691
15997 692
15998 633
15999 691
16000 696
16001 658
16002 648
16003 693
16004 688
16005 663
16006 689
16007 693
16008 633
16009 688
16010 658
16011 578
16012 691
16013 688
16014 688
16015 663
16016 663
16017 692
16018 690
16019 648
16020 633
16021 646
16022 631
16023 696
16024 633
16025 658
16026 633
16027 658
16028 646
16029 692
16030 633
16031 693
16032 696
16033 692
16034 688
16035 688
16036 648
16037 688
16038 693
16039 648
16040 633
16041 633
16042 658
16043 690
16044 633
16045 633
16046 688
16047 658
16048 633
16049 658
16050 633
16051 688
16052 692
16053 663
16054 658
16055 648
16056 693
16057 688
16058 688
16059 691
16060 658
16061 633
16062 658
16063 663
16064 692
16065 348
16066 692
16067 648
16068 348
16069 693
16070 688
16071 692
16072 633
16073 688
16074 692
16075 658
16076 648
16077 688
16078 693
16079 633
16080 641
16081 693
16082 658
16083 692
16084 688
16085 691
16086 693
16087 658
16088 658
16089 692
16090 648
16091 658
16092 633
16093 692
16094 689
16095 658
16096 633
16097 633
16098 692
16099 633
16100 658
16101 693
16102 633
16103 663
16104 663
16105 663
16106 691
16107 693
16108 633
16109 692
16110 658
16111 658
16112 692
16113 688
16114 648
16115 693
16116 648
16117 648
16118 692
16119 658
16120 688
16121 658
16122 702
16123 633
16124 648
16125 633
16126 633
16127 633
16128 688
16129 633
16130 648
16131 692
16132 658
16133 688
16134 663
16135 648
16136 691
16137 648
16138 663
16139 688
16140 690
16141 688
16142 578
16143 648
16144 691
16145 688
16146 633
16147 658
16148 633
16149 633
16150 663
16151 633
16152 633
16153 689
16154 693
16155 648
16156 646
16157 691
16158 689
16159 689
16160 648
16161 688
16162 692
16163 658
16164 658
16165 692
16166 688
16167 633
16168 633
16169 633
16170 658
16171 646
16172 578
16173 633
16174 570
16175 658
16176 688
16177 690
16178 578
16179 688
16180 688
16181 658
16182 693
16183 688
16184 688
16185 693
16186 692
16187 633
16188 658
16189 658
16190 578
16191 658
16192 663
16193 663
16194 658
16195 702
16196 648
16197 690
16198 633
16199 648
16200 663
16201 633
16202 572
16203 692
16204 633
16205 689
16206 658
16207 688
16208 688
16209 693
16210 658
16211 633
16212 688
16213 633
16214 693
16215 348
16216 692
16217 648
16218 658
16219 646
16220 658
16221 691
16222 633
16223 658
16224 633
16225 633
16226 633
16227 658
16228 688
16229 633
16230 688
16231 633
16232 688
16233 658
16234 688
16235 658
16236 646
16237 692
16238 692
16239 648
16240 578
16241 689
16242 688
16243 663
16244 690
16245 658
16246 648
16247 688
16248 688
16249 425
16250 633
16251 688
16252 633
16253 633
16254 633
16255 648
16256 641
16257 633
16258 690
16259 688
16260 692
16261 688
16262 633
16263 702
16264 658
16265 658
16266 658
16267 633
16268 691
16269 688
16270 658
16271 691
16272 658
16273 658
16274 663
16275 633
16276 633
16277 688
16278 648
16279 578
16280 633
16281 633
16282 696
16283 633
16284 658
16285 658
16286 688
16287 633
16288 688
16289 658
16290 633
16291 648
16292 693
16293 633
16294 696
16295 658
16296 658
16297 646
16298 633
16299 633
16300 633
16301 572
16302 688
16303 578
16304 688
16305 658
16306 633
16307 658
16308 658
16309 648
16310 633
16311 633
16312 688
16313 633
16314 633
16315 648
16316 658
16317 688
16318 663
16319 658
16320 648
16321 658
16322 648
16323 693
16324 572
16325 693
16326 696
16327 658
16328 690
16329 693
16330 663
16331 646
16332 692
16333 633
16334 688
16335 648
16336 696
16337 658
16338 633
16339 658
16340 633
16341 646
16342 663
16343 648
16344 648
16345 633
16346 648
16347 633
16348 688
16349 688
16350 633
16351 633
16352 633
16353 702
16354 689
16355 633
16356 658
16357 690
16358 663
16359 691
16360 688
16361 663
16362 691
16363 648
16364 689
16365 646
16366 689
16367 633
16368 663
16369 633
16370 688
16371 633
16372 688
16373 648
16374 648
16375 691
16376 692
16377 658
16378 578
16379 578
16380 633
16381 658
16382 658
16383 633
16384 693
16385 692
16386 648
16387 658
16388 658
16389 663
16390 658
16391 658
16392 688
16393 702
16394 688
16395 646
16396 658
16397 648
16398 658
16399 688
16400 648
16401 692
16402 633
16403 688
16404 658
16405 633
16406 658
16407 663
16408 633
16409 692
16410 692
16411 692
16412 692
16413 692
16414 663
16415 633
16416 578
16417 633
16418 648
16419 663
16420 693
16421 658
16422 658
16423 702
16424 633
16425 633
16426 648
16427 648
16428 693
16429 572
16430 648
16431 633
16432 633
16433 646
16434 648
16435 692
16436 658
16437 688
16438 633
16439 648
16440 658
16441 691
16442 688
16443 691
16444 633
16445 648
16446 578
16447 658
16448 663
16449 690
16450 633
16451 688
16452 688
16453 633
16454 691
16455 578
16456 658
16457 696
16458 658
16459 658
16460 658
16461 702
16462 633
16463 633
16464 693
16465 633
16466 633
16467 633
16468 693
16469 633
16470 633
16471 663
16472 692
16473 633
16474 658
16475 633
16476 702
16477 658
16478 658
16479 693
16480 648
16481 648
16482 648
16483 658
16484 693
16485 633
16486 702
16487 663
16488 648
16489 572
16490 693
16491 690
16492 648
16493 633
16494 692
16495 688
16496 663
16497 663
16498 633
16499 633
16500 658
16501 693
16502 633
16503 646
16504 692
16505 691
16506 633
16507 633
16508 633
16509 688
16510 658
16511 633
16512 689
16513 633
16514 658
16515 658
16516 648
16517 572
16518 688
16519 648
16520 633
16521 633
16522 648
16523 658
16524 688
16525 688
16526 658
16527 633
16528 696
16529 633
16530 693
16531 348
16532 658
16533 692
16534 658
16535 691
16536 690
16537 633
16538 658
16539 663
16540 689
16541 572
16542 648
16543 633
16544 688
16545 633
16546 633
16547 648
16548 658
16549 633
16550 688
16551 633
16552 688
16553 688
16554 648
16555 658
16556 648
16557 646
16558 648
16559 658
16560 691
16561 688
16562 692
16563 646
16564 633
16565 648
16566 633
16567 648
16568 688
16569 633
16570 658
16571 648
16572 692
16573 633
16574 658
16575 633
16576 658
16577 692
16578 648
16579 692
16580 633
16581 633
16582 692
16583 658
16584 688
16585 663
16586 633
16587 648
16588 690
16589 633
16590 658
16591 633
16592 692
16593 701
16594 691
16595 633
16596 633
16597 658
16598 658
16599 663
16600 658
16601 658
16602 688
16603 663
16604 648
16605 633
16606 648
16607 578
16608 688
16609 633
16610 702
16611 658
16612 691
16613 692
16614 692
16615 692
16616 648
16617 693
16618 692
16619 658
16620 663
16621 693
16622 693
16623 689
16624 663
16625 688
16626 648
16627 693
16628 693
16629 658
16630 693
16631 633
16632 633
16633 648
16634 648
16635 689
16636 691
16637 658
16638 658
16639 658
16640 633
16641 663
16642 648
16643 688
16644 646
16645 658
16646 648
16647 658
16648 648
16649 658
16650 688
16651 648
16652 658
16653 633
16654 633
16655 648
16656 693
16657 693
16658 658
16659 633
16660 648
16661 693
16662 648
16663 688
16664 648
16665 688
16666 658
16667 633
16668 663
16669 633
16670 688
16671 658
16672 648
16673 691
16674 690
16675 631
16676 696
16677 633
16678 633
16679 658
16680 648
16681 688
16682 658
16683 648
16684 425
16685 688
16686 633
16687 658
16688 648
16689 578
16690 658
16691 692
16692 633
16693 692
16694 633
16695 658
16696 646
16697 692
16698 633
16699 690
16700 658
16701 690
16702 730
16703 633
16704 688
16705 658
16706 648
16707 633
16708 648
16709 633
16710 663
16711 663
16712 633
16713 692
16714 693
16715 731
16716 572
16717 692
16718 648
16719 689
16720 633
16721 658
16722 648
16723 689
16724 692
16725 578
16726 658
16727 648
16728 658
16729 648
16730 633
16731 633
16732 633
16733 692
16734 648
16735 691
16736 688
16737 633
16738 658
16739 663
16740 658
16741 690
16742 633
16743 633
16744 689
16745 693
16746 633
16747 648
16748 690
16749 690
16750 691
16751 658
16752 658
16753 658
16754 633
16755 692
16756 648
16757 688
16758 693
16759 648
16760 633
16761 688
16762 658
16763 648
16764 692
16765 633
16766 633
16767 688
16768 633
16769 663
16770 693
16771 688
16772 633
16773 633
16774 658
16775 633
16776 688
16777 693
16778 578
16779 658
16780 648
16781 691
16782 648
16783 646
16784 648
16785 633
16786 696
16787 648
16788 690
16789 693
16790 578
16791 648
16792 633
16793 663
16794 578
16795 633
16796 633
16797 648
16798 693
16799 688
16800 693
16801 633
16802 648
16803 633
16804 648
16805 648
16806 688
16807 633
16808 693
16809 663
16810 633
16811 658
16812 633
16813 693
16814 688
16815 692
16816 693
16817 633
16818 633
16819 688
16820 648
16821 693
16822 646
16823 690
16824 663
16825 633
16826 658
16827 658
16828 648
16829 633
16830 663
16831 690
16832 693
16833 689
16834 692
16835 633
16836 691
16837 648
16838 633
16839 688
16840 658
16841 658
16842 693
16843 690
16844 658
16845 702
16846 648
16847 633
16848 689
16849 658
16850 633
16851 692
16852 663
16853 658
16854 663
16855 663
16856 633
16857 688
16858 688
16859 648
16860 688
16861 692
16862 692
16863 633
16864 633
16865 693
16866 633
16867 663
16868 690
16869 658
16870 658
16871 693
16872 648
16873 633
16874 658
16875 658
16876 693
16877 688
16878 648
16879 633
16880 648
16881 690
16882 648
16883 633
16884 693
16885 691
16886 633
16887 658
16888 689
16889 693
16890 648
16891 658
16892 691
16893 663
16894 648
16895 633
16896 648
16897 633
16898 631
16899 691
16900 658
16901 648
16902 633
16903 633
16904 688
16905 693
16906 648
16907 633
16908 646
16909 633
16910 658
16911 633
16912 658
16913 646
16914 658
16915 633
16916 633
16917 578
16918 688
16919 633
16920 658
16921 348
16922 633
16923 688
16924 692
16925 633
16926 633
16927 633
16928 633
16929 693
16930 633
16931 690
16932 633
16933 658
16934 688
16935 633
16936 658
16937 702
16938 658
16939 633
16940 633
16941 578
16942 688
16943 663
16944 633
16945 648
16946 691
16947 693
16948 688
16949 633
16950 688
16951 691
16952 689
16953 688
16954 633
16955 648
16956 691
16957 693
16958 633
16959 688
16960 633
16961 648
16962 663
16963 633
16964 348
16965 658
16966 648
16967 688
16968 692
16969 689
16970 663
16971 633
16972 633
16973 663
16974 633
16975 633
16976 688
16977 633
16978 688
16979 648
16980 692
16981 646
16982 691
16983 658
16984 633
16985 633
16986 658
16987 633
16988 633
16989 690
16990 633
16991 696
16992 692
16993 348
16994 658
16995 691
16996 696
16997 692
16998 633
16999 633
17000 633
17001 693
17002 693
17003 633
17004 690
17005 648
17006 658
17007 633
17008 648
17009 691
17010 633
17011 648
17012 648
17013 690
17014 578
17015 663
17016 688
17017 688
17018 633
17019 658
17020 658
17021 658
17022 648
17023 688
17024 648
17025 648
17026 633
17027 693
17028 633
17029 648
17030 633
17031 633
17032 688
17033 646
17034 633
17035 648
17036 690
17037 658
17038 658
17039 658
17040 658
17041 692
17042 688
17043 663
17044 688
17045 692
17046 691
17047 648
17048 578
17049 658
17050 688
17051 658
17052 633
17053 658
17054 648
17055 690
17056 648
17057 702
17058 664
17059 702
17060 637
17061 664
17062 348
17063 732
17064 655
17065 696
17066 702
17067 702
17068 578
17069 702
17070 578
17071 690
17072 348
