13279 635
13280 640
13281 635
13282 15
13283 658
13284 645
13285 643
13286 644
13287 637
13288 583
13289 572
13290 499
13291 425
13292 655
13293 644
13294 425
13295 355
13296 645
13297 425
13298 646
13299 643
13300 578
13301 355
13302 635
13303 643
13304 575
13305 646
13306 637
13307 570
13308 570
13309 637
13310 635
13311 643
13312 478
13313 570
13314 643
13315 499
13316 635
13317 636
13318 499
13319 572
13320 637
13321 643
13322 635
13323 645
13324 15
13325 648
13326 425
13327 423
13328 649
13329 425
13330 478
13331 425
13332 425
13333 636
13334 572
13335 635
13336 635
13337 637
13338 644
13339 425
13340 637
13341 646
13342 355
13343 637
13344 643
13345 635
13346 643
13347 643
13348 635
13349 646
13350 499
13351 635
13352 643
13353 643
13354 637
13355 646
13356 425
13357 653
13358 637
13359 355
13360 641
13361 572
13362 636
13363 643
13364 637
13365 635
13366 355
13367 635
13368 499
13369 635
13370 478
13371 583
13372 635
13373 355
13374 15
13375 635
13376 637
13377 646
13378 499
13379 646
13380 646
13381 635
13382 572
13383 355
13384 637
13385 635
13386 637
13387 425
13388 635
13389 635
13390 355
13391 637
13392 636
13393 643
13394 636
13395 425
13396 499
13397 640
13398 423
13399 355
13400 645
13401 355
13402 645
13403 637
13404 637
13405 570
13406 499
13407 355
13408 637
13409 355
13410 635
13411 643
13412 643
13413 641
13414 643
13415 636
13416 355
13417 653
13418 499
13419 499
13420 663
13421 575
13422 478
13423 637
13424 499
13425 635
13426 570
13427 637
13428 575
13429 637
13430 643
13431 635
13432 637
13433 425
13434 637
13435 636
13436 570
13437 423
13438 646
13439 355
13440 635
13441 425
13442 425
13443 641
13444 425
13445 355
13446 425
13447 499
13448 637
13449 653
13450 646
13451 637
13452 575
13453 637
13454 644
13455 655
13456 637
13457 15
13458 575
13459 644
13460 425
13461 355
13462 631
13463 355
13464 355
13465 355
13466 635
13467 355
13468 636
13469 643
13470 655
13471 583
13472 646
13473 646
13474 646
13475 499
13476 499
13477 637
13478 643
13479 355
13480 658
13481 637
13482 637
13483 648
13484 643
13485 635
13486 355
13487 636
13488 637
13489 499
13490 575
13491 637
13492 637
13493 655
13494 637
13495 637
13496 15
13497 15
13498 425
13499 635
13500 636
13501 645
13502 355
13503 570
13504 637
13505 355
13506 655
13507 355
13508 637
13509 635
13510 478
13511 635
13512 478
13513 572
13514 355
13515 635
13516 645
13517 355
13518 355
13519 631
13520 646
13521 355
13522 646
13523 643
13524 478
13525 635
13526 637
13527 643
13528 646
13529 635
13530 340
13531 637
13532 425
13533 478
13534 645
13535 631
13536 637
13537 635
13538 423
13539 646
13540 658
13541 635
13542 425
13543 355
13544 659
13545 635
13546 425
13547 425
13548 572
13549 478
13550 637
13551 355
13552 570
13553 425
13554 425
13555 478
13556 635
13557 570
13558 653
13559 637
13560 646
13561 637
13562 635
13563 643
13564 355
13565 635
13566 637
13567 637
13568 635
13569 646
13570 637
13571 644
13572 15
13573 637
13574 643
13575 15
13576 637
13577 572
13578 425
13579 643
13580 644
13581 637
13582 499
13583 635
13584 570
13585 641
13586 355
13587 355
13588 646
13589 636
13590 478
13591 635
13592 643
13593 635
13594 572
13595 575
13596 637
13597 637
13598 340
13599 635
13600 643
13601 355
13602 637
13603 478
13604 635
13605 355
13606 641
13607 15
13608 637
13609 570
13610 583
13611 355
13612 663
13613 635
13614 355
13615 635
13616 648
13617 478
13618 635
13619 583
13620 641
13621 645
13622 633
13623 643
13624 643
13625 635
13626 355
13627 572
13628 499
13629 499
13630 499
13631 583
13632 655
13633 637
13634 637
13635 644
13636 637
13637 643
13638 570
13639 572
13640 635
13641 423
13642 499
13643 643
13644 355
13645 425
13646 499
13647 637
13648 499
13649 664
13650 570
13651 646
13652 478
13653 499
13654 641
13655 15
13656 655
13657 578
13658 355
13659 646
13660 570
13661 499
13662 425
13663 478
13664 637
13665 425
13666 646
13667 645
13668 636
13669 646
13670 646
13671 425
13672 637
13673 355
13674 643
13675 355
13676 655
13677 643
13678 425
13679 645
13680 637
13681 635
13682 635
13683 635
13684 637
13685 499
13686 425
13687 646
13688 575
13689 425
13690 340
13691 637
13692 425
13693 570
13694 355
13695 425
13696 646
13697 645
13698 636
13699 425
13700 635
13701 478
13702 637
13703 643
13704 478
13705 425
13706 636
13707 635
13708 637
13709 355
13710 663
13711 637
13712 643
13713 641
13714 583
13715 635
13716 575
13717 637
13718 425
13719 15
13720 15
13721 425
13722 635
13723 15
13724 355
13725 425
13726 635
13727 570
13728 637
13729 355
13730 637
13731 643
13732 664
13733 635
13734 637
13735 572
13736 635
13737 478
13738 355
13739 425
13740 499
13741 635
13742 572
13743 355
13744 575
13745 572
13746 648
13747 643
13748 635
13749 635
13750 572
13751 425
13752 631
13753 637
13754 653
13755 355
13756 635
13757 636
13758 637
13759 637
13760 635
13761 636
13762 499
13763 499
13764 583
13765 635
13766 648
13767 355
13768 15
13769 499
13770 635
13771 635
13772 355
13773 636
13774 355
13775 637
13776 637
13777 355
13778 635
13779 575
13780 635
13781 635
13782 499
13783 635
13784 425
13785 499
13786 575
13787 636
13788 499
13789 570
13790 355
13791 637
13792 658
13793 635
13794 15
13795 575
13796 649
13797 499
13798 15
13799 645
13800 635
13801 499
13802 635
13803 499
13804 648
13805 643
13806 425
13807 425
13808 649
13809 499
13810 572
13811 478
13812 478
13813 15
13814 645
13815 478
13816 636
13817 425
13818 645
13819 655
13820 637
13821 636
13822 478
13823 355
13824 635
13825 478
13826 635
13827 425
13828 355
13829 637
13830 355
13831 646
13832 425
13833 635
13834 425
13835 636
13836 425
13837 355
13838 570
13839 658
13840 635
13841 637
13842 637
13843 15
13844 637
13845 499
13846 15
13847 425
13848 425
13849 355
13850 570
13851 575
13852 643
13853 635
13854 635
13855 572
13856 635
13857 355
13858 355
13859 637
13860 635
13861 646
13862 499
13863 636
13864 658
13865 575
13866 646
13867 637
13868 499
13869 635
13870 570
13871 655
13872 655
13873 643
13874 499
13875 646
13876 635
13877 635
13878 425
13879 658
13880 425
13881 355
13882 355
13883 635
13884 570
13885 499
13886 572
13887 425
13888 425
13889 637
13890 499
13891 644
13892 355
13893 637
13894 355
13895 636
13896 643
13897 355
13898 658
13899 499
13900 641
13901 355
13902 645
13903 355
13904 636
13905 15
13906 637
13907 643
13908 499
13909 575
13910 637
13911 635
13912 637
13913 637
13914 644
13915 423
13916 499
13917 649
13918 637
13919 643
13920 15
13921 499
13922 645
13923 649
13924 643
13925 499
13926 499
13927 646
13928 348
13929 499
13930 425
13931 635
13932 423
13933 646
13934 635
13935 653
13936 425
13937 499
13938 355
13939 425
13940 635
13941 635
13942 572
13943 653
13944 499
13945 653
13946 583
13947 583
13948 641
13949 643
13950 637
13951 635
13952 355
13953 683
13954 499
13955 643
13956 499
13957 355
13958 637
13959 355
13960 355
13961 645
13962 646
13963 637
13964 655
13965 635
13966 478
13967 425
13968 636
13969 499
13970 643
13971 646
13972 641
13973 499
13974 649
13975 575
13976 645
13977 478
13978 643
13979 15
13980 637
13981 635
13982 570
13983 637
13984 355
13985 15
13986 637
13987 355
13988 499
13989 425
13990 643
13991 636
13992 637
13993 636
13994 499
13995 425
13996 478
13997 644
13998 478
13999 355
14000 643
14001 646
14002 643
14003 478
14004 637
14005 637
14006 15
14007 570
14008 637
14009 425
14010 478
14011 355
14012 423
14013 643
14014 645
14015 637
14016 637
14017 643
14018 423
14019 423
14020 637
14021 355
14022 635
14023 635
14024 635
14025 575
14026 355
14027 425
14028 572
14029 425
14030 635
14031 637
14032 637
14033 637
14034 355
14035 583
14036 425
14037 637
14038 499
14039 646
14040 570
14041 499
14042 636
14043 499
14044 637
14045 572
14046 423
14047 645
14048 643
14049 645
14050 646
14051 355
14052 575
14053 643
14054 355
14055 355
14056 355
14057 499
14058 635
14059 648
14060 355
14061 645
14062 572
14063 15
14064 636
14065 499
14066 643
14067 425
14068 643
14069 643
14070 636
14071 645
14072 355
14073 355
14074 635
14075 478
14076 355
14077 425
14078 355
14079 637
14080 355
14081 499
14082 583
14083 635
14084 635
14085 425
14086 637
14087 655
14088 478
14089 355
14090 653
14091 15
14092 659
14093 658
14094 572
14095 355
14096 575
14097 570
14098 646
14099 643
14100 499
14101 637
14102 499
14103 646
14104 478
14105 641
14106 637
14107 355
14108 570
14109 499
14110 499
14111 499
14112 425
14113 15
14114 636
14115 646
14116 635
14117 646
14118 425
14119 658
14120 653
14121 643
14122 423
14123 637
14124 637
14125 635
14126 637
14127 637
14128 643
14129 637
14130 573
14131 635
14132 646
14133 499
14134 15
14135 499
14136 425
14137 355
14138 641
14139 643
14140 658
14141 355
14142 649
14143 355
14144 355
14145 637
14146 635
14147 425
14148 663
14149 425
14150 635
14151 637
14152 646
14153 637
14154 648
14155 425
14156 499
14157 570
14158 478
14159 637
14160 658
14161 637
14162 637
14163 15
14164 425
14165 646
14166 649
14167 425
14168 425
14169 425
14170 635
14171 635
14172 635
14173 644
14174 573
14175 646
14176 423
14177 570
14178 572
14179 644
14180 583
14181 583
14182 355
14183 635
14184 425
14185 572
14186 355
14187 637
14188 646
14189 423
14190 355
14191 683
14192 355
14193 635
14194 643
14195 664
14196 425
14197 425
14198 572
14199 655
14200 355
14201 635
14202 478
14203 637
14204 478
14205 631
14206 653
14207 570
14208 425
14209 659
14210 575
14211 499
14212 635
14213 575
14214 636
14215 643
14216 478
14217 499
14218 340
14219 645
14220 636
14221 643
14222 425
14223 663
14224 653
14225 635
14226 572
14227 645
14228 637
14229 635
14230 499
14231 575
14232 637
14233 643
14234 637
14235 425
14236 641
14237 637
14238 635
14239 570
14240 499
14241 355
14242 340
14243 478
14244 355
14245 355
14246 499
14247 570
14248 658
14249 499
14250 635
14251 637
14252 355
14253 499
14254 575
14255 570
14256 570
14257 425
14258 425
14259 478
14260 636
14261 570
14262 643
14263 355
14264 658
14265 658
14266 643
14267 636
14268 425
14269 664
14270 15
14271 643
14272 637
14273 478
14274 637
14275 575
14276 663
14277 659
14278 355
14279 355
14280 499
14281 637
14282 635
14283 637
14284 643
14285 355
14286 637
14287 636
14288 355
14289 635
14290 355
14291 570
14292 635
14293 635
14294 645
14295 570
14296 636
14297 637
14298 572
14299 635
14300 15
14301 636
14302 635
14303 643
14304 636
14305 635
14306 425
14307 583
14308 635
14309 635
14310 635
14311 499
14312 635
14313 572
14314 645
14315 570
14316 583
14317 572
14318 643
14319 636
14320 425
14321 637
14322 643
14323 635
14324 648
14325 658
14326 355
14327 637
14328 570
14329 643
14330 499
14331 340
14332 643
14333 655
14334 646
14335 425
14336 423
14337 637
14338 499
14339 425
14340 637
14341 636
14342 355
14343 641
14344 478
14345 636
14346 646
14347 637
14348 478
14349 636
14350 636
14351 637
14352 645
14353 636
14354 635
14355 636
14356 570
14357 15
14358 637
14359 649
14360 499
14361 499
14362 643
14363 643
14364 637
14365 355
14366 636
14367 643
14368 643
14369 637
14370 571
14371 635
14372 643
14373 636
14374 643
14375 478
14376 499
14377 658
14378 355
14379 15
14380 636
14381 499
14382 425
14383 635
14384 425
14385 663
14386 635
14387 575
14388 653
14389 637
14390 637
14391 15
14392 645
14393 637
14394 355
14395 643
14396 425
14397 646
14398 635
14399 635
14400 425
14401 355
14402 635
14403 641
14404 635
14405 636
14406 640
14407 635
14408 643
14409 635
14410 635
14411 583
14412 636
14413 355
14414 655
14415 646
14416 570
14417 478
14418 635
14419 636
14420 575
14421 570
14422 636
14423 643
14424 643
14425 646
14426 643
14427 570
14428 425
14429 646
14430 15
14431 635
14432 499
14433 635
14434 355
14435 643
14436 643
14437 653
14438 572
14439 637
14440 645
14441 659
14442 635
14443 355
14444 645
14445 635
14446 499
14447 355
14448 478
14449 637
14450 355
14451 637
14452 635
14453 15
14454 637
14455 635
14456 637
14457 635
14458 635
14459 637
14460 637
14461 355
14462 635
14463 635
14464 635
14465 637
14466 645
14467 635
14468 499
14469 570
14470 570
14471 355
14472 637
14473 635
14474 635
14475 643
14476 643
14477 499
14478 478
14479 355
14480 355
14481 425
14482 570
14483 575
14484 635
14485 637
14486 499
14487 425
14488 637
14489 575
14490 572
14491 637
14492 15
14493 641
14494 643
14495 572
14496 355
14497 645
14498 355
14499 653
14500 635
14501 643
14502 499
14503 637
14504 636
14505 570
14506 355
14507 636
14508 425
14509 635
14510 15
14511 643
14512 646
14513 649
14514 645
14515 635
14516 635
14517 637
14518 478
14519 572
14520 583
14521 649
14522 643
14523 499
14524 355
14525 636
14526 649
14527 635
14528 355
14529 637
14530 637
14531 653
14532 653
14533 635
14534 635
14535 355
14536 478
14537 478
14538 635
14539 637
14540 478
14541 646
14542 575
14543 637
14544 637
14545 499
14546 640
14547 15
14548 645
14549 355
14550 635
14551 645
14552 663
14553 15
14554 572
14555 570
14556 499
14557 355
14558 635
14559 499
14560 659
14561 643
14562 499
14563 641
14564 355
14565 423
14566 578
14567 637
14568 637
14569 655
14570 478
14571 641
14572 637
14573 570
14574 635
14575 635
14576 635
14577 687
14578 636
14579 635
14580 637
14581 425
14582 637
14583 636
14584 355
14585 643
14586 637
14587 637
14588 570
14589 583
14590 478
14591 499
14592 15
14593 649
14594 636
14595 499
14596 570
14597 636
14598 645
14599 635
14600 635
14601 423
14602 425
14603 637
14604 355
14605 355
14606 635
14607 499
14608 659
14609 637
14610 646
14611 355
14612 649
14613 499
14614 635
14615 646
14616 425
14617 636
14618 635
14619 355
14620 635
14621 636
14622 355
14623 15
14624 637
14625 635
14626 637
14627 637
14628 646
14629 355
14630 499
14631 15
14632 478
14633 635
14634 649
14635 637
14636 646
14637 636
14638 648
14639 355
14640 499
14641 425
14642 635
14643 637
14644 570
14645 635
14646 635
14647 637
14648 355
14649 355
14650 478
14651 643
14652 425
14653 499
14654 644
14655 15
14656 499
14657 499
14658 641
14659 645
14660 478
14661 635
14662 640
14663 653
14664 645
14665 425
14666 637
14667 635
14668 570
14669 425
14670 570
14671 637
14672 15
14673 635
14674 499
14675 644
14676 635
14677 643
14678 637
14679 570
14680 659
14681 646
14682 637
14683 425
14684 637
14685 478
14686 645
14687 575
14688 645
14689 643
14690 570
14691 635
14692 478
14693 635
14694 425
14695 643
14696 646
14697 635
14698 637
14699 635
14700 637
14701 635
14702 355
14703 635
14704 635
14705 637
14706 637
14707 425
14708 499
14709 646
14710 425
14711 653
14712 637
14713 645
14714 646
14715 659
14716 15
14717 635
14718 425
14719 653
14720 425
14721 570
14722 499
14723 658
14724 643
14725 355
14726 355
14727 499
14728 635
14729 644
14730 646
14731 637
14732 575
14733 355
14734 499
14735 643
14736 425
14737 646
14738 355
14739 570
14740 653
14741 583
14742 355
14743 645
14744 355
14745 423
14746 637
14747 355
14748 643
14749 635
14750 635
14751 637
14752 575
14753 648
14754 645
14755 575
14756 570
14757 355
14758 637
14759 432
14760 355
14761 570
14762 423
14763 635
14764 636
14765 478
14766 643
14767 637
14768 570
14769 637
14770 635
14771 637
14772 655
14773 635
14774 636
14775 637
14776 659
14777 643
14778 635
14779 355
14780 499
14781 499
14782 664
14783 15
14784 635
14785 640
14786 570
14787 499
14788 15
14789 645
14790 570
14791 663
14792 499
14793 499
14794 643
14795 355
14796 423
14797 644
14798 655
14799 572
14800 637
14801 646
14802 636
14803 643
14804 637
14805 655
14806 635
14807 641
14808 664
14809 570
14810 645
14811 649
14812 643
14813 355
14814 655
14815 637
14816 499
14817 425
14818 355
14819 643
14820 635
14821 637
14822 637
14823 635
14824 643
14825 643
14826 423
14827 355
14828 635
14829 641
14830 643
14831 572
14832 663
14833 643
14834 355
14835 355
14836 637
14837 643
14838 15
14839 15
14840 572
14841 637
14842 637
14843 636
14844 635
14845 645
14846 355
14847 646
14848 644
14849 499
14850 425
14851 637
14852 637
14853 637
14854 643
14855 499
14856 499
14857 636
14858 355
14859 570
14860 15
14861 635
14862 635
14863 570
14864 663
14865 663
14866 646
14867 635
14868 583
14869 643
14870 637
14871 15
14872 645
14873 658
14874 637
14875 570
14876 636
14877 635
14878 643
14879 635
14880 641
14881 643
14882 499
14883 425
14884 646
14885 499
14886 425
14887 659
14888 478
14889 570
14890 635
14891 425
14892 646
14893 643
14894 641
14895 355
14896 643
14897 355
14898 643
14899 637
14900 637
14901 635
14902 655
14903 636
14904 499
14905 499
14906 641
14907 643
14908 646
14909 425
14910 499
14911 637
14912 355
14913 355
14914 478
14915 570
14916 646
14917 646
14918 423
14919 645
14920 637
14921 643
14922 637
14923 635
14924 645
14925 570
14926 570
14927 637
14928 635
14929 637
14930 355
14931 637
14932 355
14933 572
14934 637
14935 641
14936 572
14937 637
14938 637
14939 635
14940 637
14941 649
14942 635
14943 637
14944 643
14945 637
14946 645
14947 635
14948 15
14949 646
14950 637
14951 499
14952 635
14953 15
14954 355
14955 572
14956 640
14957 646
14958 635
14959 645
14960 645
14961 583
14962 478
14963 499
14964 425
14965 499
14966 583
14967 572
14968 15
14969 637
14970 570
14971 637
14972 355
14973 635
14974 635
14975 425
14976 646
14977 643
14978 575
14979 649
14980 637
14981 646
14982 425
14983 355
14984 423
14985 425
14986 635
14987 499
14988 655
14989 570
14990 499
14991 355
14992 583
14993 646
14994 355
14995 659
14996 641
14997 635
14998 646
14999 583
15000 635
15001 643
15002 637
15003 637
15004 649
15005 643
15006 15
15007 637
15008 570
15009 637
15010 637
15011 478
15012 423
15013 425
15014 635
15015 636
15016 355
15017 572
15018 635
15019 641
15020 355
15021 655
15022 635
15023 478
15024 645
15025 478
15026 649
15027 425
15028 646
15029 646
15030 355
15031 570
15032 635
15033 643
15034 478
15035 636
15036 644
15037 637
15038 636
15039 635
15040 499
15041 635
15042 635
15043 635
15044 425
15045 635
15046 355
15047 644
15048 635
15049 637
15050 637
15051 643
15052 643
15053 575
15054 646
15055 645
15056 355
15057 635
15058 637
15059 637
15060 637
15061 499
15062 635
15063 425
15064 646
15065 636
15066 636
15067 15
15068 578
15069 637
15070 478
15071 645
15072 355
15073 355
15074 478
15075 425
15076 15
15077 425
15078 15
15079 635
15080 425
15081 653
15082 636
15083 658
15084 478
15085 635
15086 643
15087 635
15088 355
15089 425
15090 570
15091 478
15092 499
15093 583
15094 643
15095 646
15096 635
15097 635
15098 635
15099 641
15100 636
15101 425
15102 635
15103 635
15104 570
15105 637
15106 355
15107 355
15108 653
15109 636
15110 583
15111 425
15112 355
15113 637
15114 355
15115 635
15116 575
15117 425
15118 635
15119 425
15120 355
15121 355
15122 15
15123 425
15124 425
15125 636
15126 425
15127 663
15128 15
15129 425
15130 635
15131 637
15132 641
15133 478
15134 635
15135 425
15136 640
15137 583
15138 355
15139 649
15140 635
15141 644
15142 499
15143 646
15144 425
15145 653
15146 637
15147 637
15148 637
15149 478
15150 637
15151 637
15152 635
15153 635
15154 637
15155 637
15156 575
15157 15
15158 355
15159 637
15160 635
15161 648
15162 648
15163 633
15164 633
15165 658
15166 658
15167 658
15168 646
15169 648
15170 633
15171 648
15172 658
15173 658
15174 658
15175 688
