20867 243
20868 46
20869 802
20870 243
20871 46
20872 347
20873 921
20874 802
20875 683
20876 946
20877 683
20878 932
20879 229
20880 802
20881 664
20882 46
20883 683
20884 244
20885 347
20886 28
20887 215
20888 932
20889 243
20890 802
20891 243
20892 46
20893 46
20894 870
20895 795
20896 243
20897 46
20898 244
20899 950
20900 46
20901 46
20902 28
20903 46
20904 215
20905 46
20906 683
20907 802
20908 347
20909 683
20910 683
20911 937
20912 498
20913 46
20914 870
20915 46
20916 46
20917 46
20918 683
20919 46
20920 46
20921 46
20922 937
20923 46
20924 244
20925 932
20926 46
20927 46
20928 946
20929 243
20930 46
20931 229
20932 229
20933 802
20934 215
20935 243
20936 243
20937 46
20938 683
20939 802
20940 611
20941 932
20942 46
20943 683
20944 938
20945 683
20946 683
20947 347
20948 683
20949 46
20950 683
20951 347
20952 347
20953 229
20954 795
20955 46
20956 937
20957 46
20958 161
20959 243
20960 215
20961 347
20962 946
20963 243
20964 683
20965 46
20966 46
20967 683
20968 215
20969 46
20970 683
20971 243
20972 46
20973 40
20974 347
20975 243
20976 46
20977 46
20978 683
20979 683
20980 347
20981 932
20982 229
20983 802
20984 46
20985 46
20986 243
20987 243
20988 347
20989 46
20990 795
20991 795
20992 802
20993 46
20994 115
20995 683
20996 498
20997 46
20998 347
20999 46
21000 244
21001 215
21002 347
21003 932
21004 46
21005 683
21006 46
21007 938
21008 243
21009 215
21010 215
21011 347
21012 243
21013 46
21014 243
21015 46
21016 932
21017 46
21018 85
21019 46
21020 802
21021 347
21022 802
21023 46
21024 347
21025 683
21026 215
21027 243
21028 46
21029 932
21030 46
21031 46
21032 46
21033 243
21034 46
21035 40
21036 938
21037 243
21038 46
21039 802
21040 683
21041 802
21042 795
21043 46
21044 937
21045 937
21046 46
21047 46
21048 40
21049 215
21050 46
21051 215
21052 347
21053 46
21054 215
21055 795
21056 683
21057 795
21058 28
21059 215
21060 802
21061 243
21062 243
21063 243
21064 229
21065 243
21066 943
21067 46
21068 229
21069 243
21070 870
21071 802
21072 229
21073 46
21074 932
21075 932
21076 215
21077 229
21078 46
21079 46
21080 683
21081 347
21082 683
21083 683
21084 683
21085 683
21086 115
21087 28
21088 360
21089 243
21090 46
21091 46
21092 932
21093 46
21094 243
21095 46
21096 46
21097 870
21098 46
21099 802
21100 46
21101 46
21102 347
21103 683
21104 932
21105 347
21106 795
21107 683
21108 795
21109 46
21110 683
21111 683
21112 243
21113 40
21114 46
21115 683
21116 215
21117 215
21118 937
21119 932
21120 802
21121 795
21122 46
21123 46
21124 46
21125 215
21126 243
21127 46
21128 115
21129 802
21130 243
21131 46
21132 683
21133 802
21134 161
21135 229
21136 46
21137 46
21138 46
21139 932
21140 795
21141 46
21142 215
21143 229
21144 795
21145 946
21146 683
21147 932
21148 802
21149 46
21150 611
21151 243
21152 229
21153 243
21154 46
21155 347
21156 946
21157 802
21158 795
21159 46
21160 611
21161 46
21162 802
21163 46
21164 243
21165 46
21166 683
21167 229
21168 347
21169 244
21170 243
21171 795
21172 46
21173 683
21174 243
21175 664
21176 215
21177 46
21178 46
21179 937
21180 683
21181 683
21182 347
21183 802
21184 46
21185 932
21186 215
21187 683
21188 802
21189 46
21190 229
21191 215
21192 46
21193 243
21194 2
21195 46
21196 347
21197 938
21198 932
21199 683
21200 683
21201 932
21202 243
21203 46
21204 932
21205 243
21206 46
21207 946
21208 243
21209 46
21210 243
21211 46
21212 229
21213 802
21214 229
21215 802
21216 802
21217 215
21218 46
21219 243
21220 28
21221 683
21222 932
21223 40
21224 802
21225 215
21226 802
21227 215
21228 683
21229 243
21230 347
21231 46
21232 243
21233 683
21234 243
21235 101
21236 802
21237 243
21238 46
21239 347
21240 243
21241 229
21242 802
21243 243
21244 795
21245 795
21246 46
21247 664
21248 795
21249 46
21250 932
21251 937
21252 932
21253 215
21254 46
21255 115
21256 932
21257 243
21258 46
21259 347
21260 46
21261 347
21262 46
21263 937
21264 46
21265 46
21266 244
21267 243
21268 932
21269 347
21270 795
21271 229
21272 46
21273 802
21274 46
21275 215
21276 932
21277 244
21278 46
21279 46
21280 946
21281 243
21282 46
21283 215
21284 802
21285 46
21286 932
21287 683
21288 932
21289 243
21290 243
21291 932
21292 46
21293 683
21294 215
21295 932
21296 611
21297 215
21298 802
21299 347
21300 795
21301 46
21302 347
21303 611
21304 46
21305 46
21306 938
21307 199
21308 46
21309 28
21310 932
21311 215
21312 795
21313 938
21314 46
21315 932
21316 46
21317 243
21318 46
21319 347
21320 802
21321 215
21322 243
21323 46
21324 243
21325 795
21326 347
21327 46
21328 802
21329 932
21330 46
21331 46
21332 46
21333 28
21334 46
21335 46
21336 932
21337 802
21338 243
21339 46
21340 243
21341 46
21342 46
21343 215
21344 46
21345 46
21346 243
21347 244
21348 932
21349 46
21350 46
21351 243
21352 46
21353 243
21354 802
21355 243
21356 795
21357 215
21358 683
21359 870
21360 46
21361 215
21362 243
21363 943
21364 243
21365 46
21366 46
21367 243
21368 932
21369 932
21370 802
21371 932
21372 802
21373 46
21374 243
21375 683
21376 683
21377 46
21378 683
21379 802
21380 243
21381 347
21382 921
21383 243
21384 795
21385 802
21386 938
21387 795
21388 932
21389 46
21390 946
21391 937
21392 802
21393 795
21394 802
21395 611
21396 46
21397 243
21398 683
21399 46
21400 946
21401 95
21402 28
21403 46
21404 683
21405 229
21406 46
21407 46
21408 46
21409 46
21410 802
21411 46
21412 46
21413 46
21414 46
21415 215
21416 347
21417 795
21418 215
21419 46
21420 932
21421 937
21422 937
21423 802
21424 243
21425 46
21426 937
21427 46
21428 46
21429 46
21430 215
21431 932
21432 46
21433 46
21434 938
21435 683
21436 243
21437 802
21438 795
21439 802
21440 795
21441 795
21442 932
21443 46
21444 46
21445 683
21446 2
21447 243
21448 46
21449 46
21450 243
21451 932
21452 932
21453 802
21454 229
21455 28
21456 683
21457 46
21458 946
21459 802
21460 46
21461 46
21462 46
21463 802
21464 46
21465 243
21466 40
21467 932
21468 49
21469 46
21470 46
21471 243
21472 243
21473 683
21474 46
21475 46
21476 347
21477 946
21478 932
21479 46
21480 243
21481 937
21482 215
21483 946
21484 215
21485 243
21486 46
21487 802
21488 229
21489 683
21490 347
21491 347
21492 46
21493 243
21494 932
21495 46
21496 683
21497 215
21498 795
21499 46
21500 243
21501 229
21502 46
21503 932
21504 243
21505 46
21506 932
21507 229
21508 46
21509 932
21510 683
21511 46
21512 979
21513 49
21514 683
21515 802
21516 46
21517 795
21518 980
21519 932
21520 937
21521 937
21522 347
21523 215
21524 932
21525 229
21526 243
21527 46
21528 46
21529 46
21530 229
21531 347
21532 28
21533 46
21534 932
21535 683
21536 46
21537 46
21538 46
21539 46
21540 229
21541 683
21542 683
21543 802
21544 683
21545 46
21546 46
21547 795
21548 46
21549 46
21550 215
21551 49
21552 7
21553 46
21554 46
21555 46
21556 347
21557 46
21558 243
21559 243
21560 664
21561 46
21562 683
21563 46
21564 664
21565 683
21566 347
21567 46
21568 795
21569 802
21570 46
21571 683
21572 243
21573 932
21574 795
21575 46
21576 46
21577 215
21578 46
21579 932
21580 215
21581 683
21582 802
21583 243
21584 802
21585 46
21586 683
21587 46
21588 664
21589 243
21590 795
21591 243
21592 215
21593 46
21594 347
21595 229
21596 46
21597 347
21598 683
21599 46
21600 347
21601 943
21602 2
21603 46
21604 243
21605 937
21606 243
21607 243
21608 683
21609 683
21610 946
21611 611
21612 683
21613 795
21614 802
21615 46
21616 498
21617 46
21618 46
21619 46
21620 683
21621 40
21622 46
21623 802
21624 932
21625 664
21626 347
21627 243
21628 243
21629 243
21630 937
21631 950
21632 229
21633 802
21634 46
21635 46
21636 347
21637 795
21638 46
21639 46
21640 46
21641 46
21642 46
21643 683
21644 683
21645 683
21646 795
21647 347
21648 244
21649 946
21650 243
21651 937
21652 46
21653 46
21654 115
21655 229
21656 683
21657 683
21658 46
21659 946
21660 932
21661 802
21662 46
21663 870
21664 215
21665 243
21666 46
21667 802
21668 243
21669 46
21670 802
21671 932
21672 229
21673 243
21674 683
21675 46
21676 683
21677 932
21678 932
21679 243
21680 683
21681 46
21682 795
21683 802
21684 243
21685 46
21686 46
21687 347
21688 46
21689 943
21690 215
21691 683
21692 46
21693 229
21694 46
21695 802
21696 161
21697 46
21698 683
21699 802
21700 683
21701 347
21702 229
21703 215
21704 946
21705 795
21706 611
21707 243
21708 46
21709 243
21710 347
21711 243
21712 215
21713 802
21714 795
21715 802
21716 937
21717 795
21718 347
21719 683
21720 46
21721 683
21722 938
21723 347
21724 802
21725 795
21726 347
21727 46
21728 802
21729 932
21730 46
21731 683
21732 938
21733 46
21734 46
21735 243
21736 802
21737 347
21738 46
21739 243
21740 932
21741 243
21742 683
21743 932
21744 46
21745 243
21746 932
21747 243
21748 683
21749 46
21750 683
21751 243
21752 46
21753 683
21754 46
21755 46
21756 347
21757 229
21758 46
21759 215
21760 243
21761 795
21762 46
21763 795
21764 946
21765 215
21766 46
21767 243
21768 243
21769 46
21770 347
21771 795
21772 802
21773 46
21774 938
21775 683
21776 258
21777 498
21778 683
21779 46
21780 932
21781 683
21782 46
21783 46
21784 683
21785 243
21786 215
21787 802
21788 802
21789 802
21790 683
21791 683
21792 46
21793 46
21794 932
21795 46
21796 215
21797 795
21798 683
21799 347
21800 46
21801 347
21802 243
21803 683
21804 795
21805 46
21806 46
21807 46
21808 215
21809 46
21810 243
21811 46
21812 802
21813 46
21814 937
21815 932
21816 46
21817 46
21818 347
21819 46
21820 28
21821 664
21822 347
21823 347
21824 243
21825 46
21826 243
21827 46
21828 40
21829 802
21830 28
21831 347
21832 46
21833 243
21834 347
21835 243
21836 46
21837 683
21838 683
21839 683
21840 46
21841 946
21842 932
21843 243
21844 46
21845 795
21846 683
21847 46
21848 683
21849 46
21850 347
21851 802
21852 46
21853 229
21854 683
21855 921
21856 932
21857 802
21858 347
21859 46
21860 46
21861 243
21862 46
21863 347
21864 46
21865 683
21866 946
21867 46
21868 932
21869 932
21870 795
21871 46
21872 229
21873 683
21874 243
21875 795
21876 215
21877 683
21878 347
21879 795
21880 950
21881 932
21882 683
21883 46
21884 243
21885 46
21886 46
21887 46
21888 244
21889 802
21890 115
21891 683
21892 683
21893 683
21894 46
21895 46
21896 243
21897 46
21898 40
21899 347
21900 46
21901 795
21902 683
21903 46
21904 215
21905 683
21906 46
21907 611
21908 932
21909 46
21910 802
21911 28
21912 347
21913 243
21914 683
21915 46
21916 215
21917 215
21918 229
21919 46
21920 683
21921 347
21922 347
21923 46
21924 46
21925 611
21926 243
21927 802
21928 932
21929 46
21930 243
21931 683
21932 683
21933 46
21934 46
21935 802
21936 46
21937 243
21938 946
21939 932
21940 802
21941 937
21942 46
21943 347
21944 46
21945 46
21946 215
21947 46
21948 683
21949 932
21950 243
21951 229
21952 243
21953 243
21954 215
21955 683
21956 115
21957 215
21958 243
21959 215
21960 802
21961 795
21962 243
21963 46
21964 243
21965 683
21966 932
21967 46
21968 347
21969 683
21970 943
21971 243
21972 46
21973 802
21974 683
21975 243
21976 802
21977 46
21978 243
21979 932
21980 46
21981 215
21982 932
21983 46
21984 229
21985 229
21986 46
21987 243
21988 46
21989 347
21990 46
21991 229
21992 46
21993 46
21994 46
21995 46
21996 347
21997 243
21998 932
21999 802
22000 46
22001 937
22002 932
22003 934
22004 802
22005 347
22006 46
22007 46
22008 46
22009 802
22010 802
22011 802
22012 802
22013 46
22014 229
22015 46
22016 683
22017 243
22018 161
22019 683
22020 46
22021 215
22022 46
22023 683
22024 683
22025 932
22026 46
22027 937
22028 683
22029 347
22030 347
22031 347
22032 683
22033 46
22034 46
22035 46
22036 229
22037 46
22038 7
22039 243
22040 46
22041 46
22042 932
22043 347
22044 683
22045 115
22046 46
22047 215
22048 611
22049 243
22050 377
22051 243
22052 664
22053 46
22054 932
22055 46
22056 46
22057 347
22058 932
22059 347
22060 932
22061 802
22062 215
22063 683
22064 802
22065 46
22066 932
22067 611
22068 937
22069 40
22070 934
22071 46
22072 664
22073 795
22074 46
22075 498
22076 243
22077 46
22078 932
22079 46
22080 802
22081 683
22082 347
22083 46
22084 46
22085 498
22086 802
22087 347
22088 229
22089 215
22090 229
22091 802
22092 46
22093 215
22094 932
22095 229
22096 932
22097 215
22098 229
22099 683
22100 347
22101 347
22102 802
22103 795
22104 802
22105 229
22106 802
22107 46
22108 46
22109 243
22110 946
22111 946
22112 347
22113 937
22114 683
22115 932
22116 683
22117 946
22118 683
22119 932
22120 46
22121 683
22122 347
22123 981
22124 215
22125 243
22126 802
22127 46
22128 46
22129 46
22130 802
22131 347
22132 683
22133 664
22134 932
22135 243
22136 46
22137 46
22138 932
22139 215
22140 347
22141 46
22142 258
22143 347
22144 683
22145 802
22146 46
22147 932
22148 932
22149 46
22150 46
22151 243
22152 28
22153 243
22154 243
22155 243
22156 46
22157 802
22158 243
22159 46
22160 46
22161 46
22162 46
22163 46
22164 46
22165 46
22166 937
22167 946
22168 46
22169 347
22170 243
22171 683
22172 243
22173 7
22174 932
22175 802
22176 937
22177 46
22178 946
22179 215
22180 46
22181 243
22182 683
22183 795
22184 46
22185 243
22186 215
22187 795
22188 243
22189 243
22190 795
22191 46
22192 795
22193 802
22194 229
22195 802
22196 46
22197 215
22198 932
22199 243
22200 347
22201 215
22202 795
22203 938
22204 46
22205 215
22206 683
22207 683
22208 46
22209 46
22210 795
22211 802
22212 46
22213 683
22214 347
22215 932
22216 243
22217 215
22218 802
22219 243
22220 932
22221 683
22222 243
22223 215
22224 795
22225 683
22226 46
22227 683
22228 795
22229 46
22230 683
22231 932
22232 215
22233 347
22234 683
22235 46
22236 802
22237 347
22238 932
22239 683
22240 46
22241 243
22242 46
22243 243
22244 161
22245 683
22246 229
22247 243
22248 243
22249 683
22250 229
22251 937
22252 215
22253 795
22254 215
22255 347
22256 46
22257 46
22258 46
22259 215
22260 802
22261 243
22262 795
22263 46
22264 46
22265 946
22266 229
22267 683
22268 683
22269 683
22270 243
22271 932
22272 795
22273 683
22274 46
22275 932
22276 683
22277 932
22278 46
22279 243
22280 46
22281 46
22282 683
22283 243
22284 683
22285 795
22286 243
22287 46
22288 932
22289 46
22290 683
22291 683
22292 243
22293 802
22294 46
22295 243
22296 243
22297 932
22298 683
22299 347
22300 347
22301 347
22302 347
22303 795
22304 802
22305 802
22306 243
22307 802
22308 161
22309 229
22310 347
22311 46
22312 46
22313 46
22314 229
22315 215
22316 664
22317 347
22318 683
22319 161
22320 46
22321 950
22322 932
22323 347
22324 347
22325 243
22326 46
22327 932
22328 46
22329 46
22330 244
22331 664
22332 46
22333 795
22334 229
22335 243
22336 46
22337 683
22338 215
22339 611
22340 802
22341 795
22342 932
22343 46
22344 683
22345 46
22346 215
22347 683
22348 215
22349 46
22350 46
22351 46
22352 46
22353 802
22354 46
22355 46
22356 683
22357 215
22358 683
22359 498
22360 243
22361 46
22362 932
22363 8
22364 243
22365 46
22366 363
22367 802
22368 46
22369 46
22370 347
22371 938
22372 46
22373 258
22374 795
22375 347
22376 46
22377 683
22378 683
22379 498
22380 46
22381 802
22382 683
22383 46
22384 46
22385 683
22386 46
22387 932
22388 46
22389 46
22390 243
22391 115
22392 49
22393 46
22394 243
22395 795
22396 243
22397 243
22398 932
22399 243
22400 243
22401 46
22402 932
22403 347
22404 243
22405 347
22406 243
22407 683
22408 932
22409 46
22410 46
22411 937
22412 683
22413 243
22414 46
22415 244
22416 664
22417 802
22418 347
22419 802
22420 215
22421 46
22422 46
22423 683
22424 932
22425 932
22426 243
22427 46
22428 932
22429 229
22430 215
22431 46
22432 243
22433 215
22434 802
22435 229
22436 795
22437 347
22438 937
22439 795
22440 683
22441 46
22442 215
22443 347
22444 46
22445 46
22446 215
22447 802
22448 46
22449 932
22450 347
22451 932
22452 802
22453 683
22454 932
22455 946
22456 932
22457 243
22458 683
22459 937
22460 46
22461 932
22462 46
22463 243
22464 28
22465 95
22466 946
22467 46
22468 243
22469 243
22470 347
22471 347
22472 46
22473 950
22474 932
22475 683
22476 95
22477 932
22478 795
22479 932
22480 795
22481 78
22482 46
22483 243
22484 46
22485 683
22486 802
22487 46
22488 46
22489 46
22490 802
22491 229
22492 243
22493 46
22494 795
22495 229
22496 932
22497 932
22498 347
22499 347
22500 215
22501 795
22502 683
22503 46
22504 244
22505 46
22506 243
22507 683
22508 938
22509 215
22510 243
22511 215
22512 229
22513 258
22514 46
22515 115
22516 498
22517 46
22518 46
22519 243
22520 46
22521 46
22522 795
22523 46
22524 347
22525 683
22526 46
22527 161
22528 215
22529 46
22530 347
22531 161
22532 946
22533 46
22534 683
22535 802
22536 347
22537 670
22538 243
22539 347
22540 932
22541 243
22542 802
22543 795
22544 46
22545 215
22546 946
22547 46
22548 46
22549 347
22550 243
22551 937
22552 932
22553 243
22554 46
22555 46
22556 215
22557 946
22558 46
22559 347
22560 683
22561 46
22562 683
22563 46
22564 215
22565 46
22566 611
22567 46
22568 46
22569 46
22570 46
22571 243
22572 347
22573 683
22574 683
22575 243
22576 683
22577 683
22578 498
22579 802
22580 215
22581 795
22582 243
22583 46
22584 46
22585 46
22586 46
22587 937
22588 243
22589 946
22590 18
22591 802
22592 243
22593 347
22594 795
22595 215
22596 229
22597 932
22598 795
22599 243
22600 46
22601 795
22602 932
22603 215
22604 802
22605 46
22606 347
22607 950
22608 246
22609 243
22610 46
22611 795
22612 683
22613 46
22614 46
22615 46
22616 215
22617 46
22618 46
22619 347
22620 229
22621 243
22622 795
22623 40
22624 46
22625 683
22626 795
22627 244
22628 215
22629 243
22630 683
22631 243
22632 243
22633 347
22634 243
22635 46
22636 683
22637 229
22638 28
22639 683
22640 243
22641 161
22642 802
22643 870
22644 28
22645 347
22646 46
22647 795
22648 46
22649 347
22650 229
22651 215
22652 932
22653 611
22654 946
22655 46
22656 46
22657 683
22658 46
22659 347
22660 802
22661 243
22662 938
22663 258
22664 243
22665 46
22666 243
22667 46
22668 46
22669 40
22670 802
22671 215
22672 347
22673 498
22674 161
22675 937
22676 664
22677 938
22678 946
22679 46
22680 683
22681 46
22682 683
22683 215
22684 46
22685 46
22686 46
22687 243
22688 937
22689 46
22690 932
22691 243
22692 229
22693 46
22694 46
22695 932
22696 347
22697 243
22698 40
22699 243
22700 932
22701 347
22702 115
22703 932
22704 46
22705 347
22706 46
22707 347
22708 795
22709 347
22710 243
22711 243
22712 46
22713 46
22714 498
22715 683
22716 215
22717 683
22718 46
22719 215
22720 347
22721 683
22722 683
22723 46
22724 795
22725 243
22726 46
22727 683
22728 46
22729 932
22730 46
22731 46
22732 46
22733 46
22734 243
22735 683
22736 46
22737 802
22738 46
22739 215
22740 46
22741 46
22742 663
22743 616
22744 982
22745 950
22746 663
22747 983
22748 72
22749 677
22750 616
22751 236
22752 663
22753 97
22754 795
22755 663
22756 663
22757 956
22758 956
22759 663
22760 663
22761 663
22762 14
22763 795
