5691 409
5692 89
5693 347
5694 241
5695 409
5696 409
5697 30
5698 89
5699 29
5700 409
5701 97
5702 347
5703 409
5704 411
5705 347
5706 409
5707 241
5708 48
5709 45
5710 347
5711 257
5712 409
5713 89
5714 347
5715 412
5716 411
5717 89
5718 30
5719 413
5720 409
5721 29
5722 25
5723 25
5724 347
5725 11
5726 347
5727 89
5728 16
5729 347
5730 51
5731 30
5732 411
5733 257
5734 409
5735 89
5736 48
5737 29
5738 16
5739 246
5740 347
5741 11
5742 409
5743 409
5744 260
5745 347
5746 409
5747 347
5748 238
5749 268
5750 29
5751 52
5752 30
5753 409
5754 412
5755 243
5756 11
5757 415
5758 30
5759 472
5760 25
5761 409
5762 411
5763 84
5764 97
5765 29
5766 29
5767 417
5768 343
5769 411
5770 409
5771 50
5772 268
5773 29
5774 16
5775 411
5776 260
5777 48
5778 347
5779 30
5780 411
5781 238
5782 89
5783 30
5784 411
5785 50
5786 11
5787 260
5788 89
5789 411
5790 347
5791 30
5792 343
5793 25
5794 30
5795 409
5796 257
5797 11
5798 30
5799 241
5800 30
5801 257
5802 30
5803 421
5804 412
5805 45
5806 11
5807 347
5808 50
5809 347
5810 11
5811 29
5812 355
5813 30
5814 343
5815 260
5816 260
5817 411
5818 411
5819 424
5820 11
5821 51
5822 2
5823 409
5824 247
5825 411
5826 243
5827 97
5828 409
5829 11
5830 411
5831 30
5832 409
5833 409
5834 29
5835 411
5836 347
5837 348
5838 409
5839 11
5840 411
5841 257
5842 30
5843 260
5844 30
5845 347
5846 29
5847 347
5848 411
5849 425
5850 260
5851 11
5852 89
5853 11
5854 348
5855 11
5856 409
5857 409
5858 411
5859 347
5860 423
5861 260
5862 412
5863 11
5864 89
5865 409
5866 347
5867 412
5868 347
5869 29
5870 50
5871 241
5872 260
5873 257
5874 30
5875 260
5876 409
5877 30
5878 45
5879 411
5880 409
5881 260
5882 30
5883 241
5884 30
5885 411
5886 30
5887 89
5888 260
5889 30
5890 347
5891 355
5892 343
5893 262
5894 29
5895 411
5896 432
5897 97
5898 347
5899 409
5900 30
5901 409
5902 409
5903 50
5904 409
5905 409
5906 29
5907 2
5908 29
5909 411
5910 11
5911 413
5912 427
5913 409
5914 409
5915 45
5916 347
5917 355
5918 238
5919 418
5920 347
5921 409
5922 241
5923 11
5924 268
5925 411
5926 11
5927 409
5928 409
5929 347
5930 30
5931 97
5932 409
5933 11
5934 30
5935 347
5936 25
5937 409
5938 11
5939 429
5940 45
5941 412
5942 243
5943 347
5944 29
5945 418
5946 89
5947 409
5948 343
5949 11
5950 25
5951 29
5952 347
5953 257
5954 30
5955 409
5956 257
5957 411
5958 409
5959 260
5960 411
5961 260
5962 260
5963 30
5964 423
5965 347
5966 425
5967 260
5968 257
5969 347
5970 260
5971 11
5972 30
5973 409
5974 260
5975 260
5976 409
5977 30
5978 30
5979 30
5980 411
5981 89
5982 97
5983 25
5984 409
5985 50
5986 11
5987 409
5988 11
5989 30
5990 347
5991 268
5992 50
5993 347
5994 238
5995 411
5996 413
5997 418
5998 347
5999 50
6000 11
6001 418
6002 241
6003 347
6004 268
6005 30
6006 16
6007 409
6008 423
6009 11
6010 413
6011 409
6012 29
6013 411
6014 260
6015 257
6016 268
6017 50
6018 257
6019 30
6020 409
6021 418
6022 238
6023 257
6024 347
6025 411
6026 30
6027 11
6028 97
6029 268
6030 260
6031 409
6032 412
6033 409
6034 257
6035 48
6036 45
6037 409
6038 89
6039 409
6040 45
6041 347
6042 30
6043 89
6044 52
6045 30
6046 418
6047 25
6048 411
6049 347
6050 29
6051 411
6052 89
6053 411
6054 347
6055 425
6056 30
6057 29
6058 11
6059 425
6060 425
6061 347
6062 52
6063 85
6064 347
6065 423
6066 30
6067 411
6068 97
6069 241
6070 50
6071 423
6072 241
6073 425
6074 30
6075 241
6076 411
6077 257
6078 411
6079 29
6080 347
6081 260
6082 268
6083 246
6084 11
6085 268
6086 268
6087 411
6088 347
6089 29
6090 29
6091 411
6092 409
6093 412
6094 268
6095 29
6096 409
6097 30
6098 411
6099 257
6100 29
6101 418
6102 30
6103 89
6104 11
6105 411
6106 48
6107 29
6108 411
6109 30
6110 257
6111 11
6112 268
6113 29
6114 50
6115 409
6116 415
6117 30
6118 268
6119 418
6120 241
6121 30
6122 260
6123 260
6124 11
6125 25
6126 257
6127 347
6128 260
6129 473
6130 30
6131 411
6132 260
6133 268
6134 355
6135 260
6136 11
6137 97
6138 347
6139 347
6140 16
6141 260
6142 16
6143 409
6144 29
6145 260
6146 260
6147 415
6148 409
6149 257
6150 412
6151 30
6152 52
6153 30
6154 85
6155 347
6156 11
6157 29
6158 45
6159 52
6160 409
6161 257
6162 241
6163 50
6164 30
6165 30
6166 29
6167 50
6168 347
6169 423
6170 347
6171 50
6172 260
6173 30
6174 425
6175 11
6176 241
6177 260
6178 45
6179 11
6180 411
6181 11
6182 11
6183 11
6184 409
6185 257
6186 260
6187 347
6188 257
6189 30
6190 30
6191 347
6192 50
6193 45
6194 347
6195 260
6196 257
6197 11
6198 347
6199 30
6200 30
6201 347
6202 409
6203 347
6204 409
6205 347
6206 11
6207 413
6208 411
6209 257
6210 25
6211 347
6212 11
6213 411
6214 409
6215 50
6216 257
6217 409
6218 409
6219 29
6220 11
6221 409
6222 16
6223 51
6224 30
6225 411
6226 347
6227 474
6228 16
6229 347
6230 50
6231 11
6232 431
6233 411
6234 418
6235 412
6236 30
6237 260
6238 409
6239 48
6240 50
6241 11
6242 16
6243 29
6244 347
6245 423
6246 29
6247 257
6248 432
6249 411
6250 413
6251 30
6252 347
6253 411
6254 409
6255 417
6256 409
6257 411
6258 411
6259 243
6260 260
6261 257
6262 52
6263 25
6264 260
6265 418
6266 48
6267 257
6268 29
6269 411
6270 409
6271 409
6272 260
6273 347
6274 243
6275 260
6276 411
6277 347
6278 409
6279 411
6280 241
6281 411
6282 29
6283 30
6284 409
6285 11
6286 238
6287 25
6288 97
6289 30
6290 347
6291 268
6292 11
6293 45
6294 30
6295 260
6296 257
6297 241
6298 412
6299 260
6300 97
6301 29
6302 249
6303 89
6304 257
6305 29
6306 347
6307 29
6308 409
6309 411
6310 409
6311 50
6312 29
6313 415
6314 11
6315 11
6316 29
6317 97
6318 29
6319 97
6320 260
6321 417
6322 29
6323 409
6324 11
6325 347
6326 11
6327 30
6328 30
6329 30
6330 409
6331 69
6332 347
6333 260
6334 268
6335 411
6336 29
6337 429
6338 268
6339 260
6340 409
6341 260
6342 412
6343 30
6344 30
6345 97
6346 29
6347 347
6348 11
6349 97
6350 409
6351 409
6352 51
6353 50
6354 411
6355 45
6356 11
6357 347
6358 11
6359 52
6360 241
6361 412
6362 347
6363 89
6364 347
6365 260
6366 409
6367 413
6368 30
6369 413
6370 16
6371 409
6372 30
6373 243
6374 29
6375 11
6376 268
6377 413
6378 409
6379 409
6380 97
6381 409
6382 409
6383 347
6384 48
6385 11
6386 260
6387 409
6388 48
6389 260
6390 415
6391 97
6392 97
6393 260
6394 89
6395 347
6396 343
6397 29
6398 29
6399 16
6400 45
6401 347
6402 409
6403 25
6404 432
6405 52
6406 411
6407 355
6408 11
6409 409
6410 247
6411 97
6412 343
6413 347
6414 409
6415 97
6416 11
6417 97
6418 25
6419 260
6420 16
6421 30
6422 260
6423 425
6424 257
6425 409
6426 50
6427 413
6428 30
6429 347
6430 343
6431 347
6432 30
6433 347
6434 260
6435 423
6436 30
6437 30
6438 411
6439 50
6440 30
6441 409
6442 11
6443 260
6444 257
6445 260
6446 16
6447 429
6448 29
6449 29
6450 260
6451 11
6452 343
6453 411
6454 343
6455 347
6456 475
6457 29
6458 347
6459 97
6460 241
6461 260
6462 257
6463 52
6464 409
6465 29
6466 30
6467 260
6468 29
6469 409
6470 412
6471 260
6472 409
6473 409
6474 411
6475 30
6476 409
6477 97
6478 97
6479 2
6480 409
6481 260
6482 30
6483 412
6484 257
6485 97
6486 411
6487 409
6488 347
6489 411
6490 347
6491 260
6492 11
6493 30
6494 30
6495 409
6496 257
6497 30
6498 409
6499 411
6500 260
6501 16
6502 29
6503 347
6504 415
6505 29
6506 50
6507 347
6508 268
6509 11
6510 30
6511 241
6512 11
6513 432
6514 29
6515 409
6516 29
6517 347
6518 50
6519 411
6520 260
6521 411
6522 257
6523 418
6524 409
6525 347
6526 411
6527 97
6528 409
6529 97
6530 11
6531 409
6532 29
6533 97
6534 29
6535 347
6536 50
6537 413
6538 476
6539 260
6540 260
6541 30
6542 411
6543 243
6544 97
6545 268
6546 268
6547 409
6548 30
6549 268
6550 29
6551 97
6552 409
6553 29
6554 449
6555 11
6556 30
6557 409
6558 347
6559 257
6560 262
6561 89
6562 409
6563 411
6564 411
6565 412
6566 260
6567 238
6568 48
6569 411
6570 343
6571 268
6572 29
6573 257
6574 29
6575 409
6576 30
6577 84
6578 347
6579 347
6580 260
6581 260
6582 412
6583 418
6584 421
6585 260
6586 11
6587 409
6588 347
6589 257
6590 30
6591 29
6592 89
6593 25
6594 69
6595 409
6596 409
6597 415
6598 30
6599 413
6600 411
6601 347
6602 30
6603 11
6604 97
6605 409
6606 50
6607 257
6608 11
6609 431
6610 11
6611 347
6612 30
6613 411
6614 411
6615 11
6616 347
6617 260
6618 30
6619 30
6620 260
6621 347
6622 268
6623 25
6624 50
6625 418
6626 409
6627 257
6628 11
6629 11
6630 241
6631 347
6632 411
6633 347
6634 50
6635 411
6636 423
6637 347
6638 241
6639 431
6640 412
6641 30
6642 25
6643 343
6644 30
6645 347
6646 243
6647 11
6648 11
6649 409
6650 409
6651 11
6652 340
6653 355
6654 260
6655 50
6656 340
6657 347
6658 52
6659 257
6660 260
6661 415
6662 30
6663 30
6664 89
6665 97
6666 411
6667 241
6668 29
6669 411
6670 343
6671 29
6672 30
6673 268
6674 409
6675 238
6676 30
6677 30
6678 411
6679 411
6680 260
6681 50
6682 412
6683 69
6684 423
6685 11
6686 89
6687 30
6688 343
6689 347
6690 411
6691 30
6692 11
6693 347
6694 30
6695 260
6696 409
6697 29
6698 409
6699 424
6700 257
6701 411
6702 29
6703 268
6704 52
6705 241
6706 29
6707 411
6708 409
6709 29
6710 29
6711 427
6712 411
6713 257
6714 30
6715 409
6716 409
6717 409
6718 409
6719 415
6720 409
6721 413
6722 29
6723 11
6724 409
6725 97
6726 409
6727 347
6728 423
6729 409
6730 30
6731 409
6732 409
6733 355
6734 50
6735 411
6736 50
6737 97
6738 413
6739 347
6740 418
6741 409
6742 409
6743 89
6744 409
6745 29
6746 11
6747 409
6748 257
6749 11
6750 48
6751 409
6752 347
6753 409
6754 409
6755 409
6756 25
6757 260
6758 411
6759 257
6760 260
6761 11
6762 11
6763 347
6764 30
6765 257
6766 347
6767 16
6768 260
6769 30
6770 30
6771 431
6772 97
6773 11
6774 409
6775 29
6776 11
6777 268
6778 347
6779 415
6780 347
6781 409
6782 30
6783 29
6784 409
6785 347
6786 238
6787 30
6788 11
6789 409
6790 268
6791 268
6792 409
6793 30
6794 409
6795 50
6796 268
6797 29
6798 30
6799 243
6800 25
6801 11
6802 423
6803 30
6804 409
6805 29
6806 29
6807 347
6808 30
6809 423
6810 409
6811 347
6812 411
6813 411
6814 347
6815 409
6816 415
6817 347
6818 409
6819 30
6820 409
6821 89
6822 30
6823 30
6824 409
6825 30
6826 409
6827 411
6828 52
6829 347
6830 409
6831 97
6832 29
6833 412
6834 268
6835 347
6836 347
6837 16
6838 347
6839 268
6840 30
6841 409
6842 260
6843 347
6844 347
6845 257
6846 412
6847 29
6848 30
6849 411
6850 413
6851 30
6852 347
6853 52
6854 50
6855 11
6856 409
6857 260
6858 409
6859 30
6860 411
6861 50
6862 11
6863 260
6864 11
6865 241
6866 48
6867 347
6868 97
6869 409
6870 348
6871 432
6872 409
6873 45
6874 413
6875 260
6876 409
6877 97
6878 409
6879 409
6880 260
6881 347
6882 30
6883 412
6884 412
6885 29
6886 257
6887 11
6888 25
6889 45
6890 97
6891 30
6892 11
6893 260
6894 16
6895 409
6896 411
6897 11
6898 347
6899 268
6900 347
6901 89
6902 16
6903 409
6904 260
6905 48
6906 30
6907 411
6908 30
6909 411
6910 347
6911 409
6912 347
6913 29
6914 343
6915 238
6916 418
6917 409
6918 30
6919 260
6920 409
6921 409
6922 411
6923 29
6924 260
6925 347
6926 409
6927 268
6928 262
6929 347
6930 30
6931 260
6932 347
6933 52
6934 25
6935 11
6936 257
6937 29
6938 30
6939 30
6940 50
6941 30
6942 30
6943 409
6944 409
6945 29
6946 48
6947 411
6948 97
6949 409
6950 25
6951 11
6952 11
6953 411
6954 268
6955 424
6956 89
6957 347
6958 347
6959 343
6960 52
6961 347
6962 268
6963 268
6964 30
6965 11
6966 247
6967 30
6968 241
6969 29
6970 409
6971 11
6972 347
6973 423
6974 262
6975 29
6976 415
6977 347
6978 11
6979 409
6980 11
6981 260
6982 412
6983 30
6984 16
6985 409
6986 415
6987 418
6988 347
6989 418
6990 411
6991 50
6992 97
6993 409
6994 11
6995 411
6996 30
6997 97
6998 29
6999 268
7000 50
7001 48
7002 347
7003 89
7004 257
7005 411
7006 411
7007 431
7008 30
7009 50
7010 89
7011 25
7012 411
7013 355
7014 409
7015 409
7016 268
7017 347
7018 30
7019 11
7020 409
7021 409
7022 260
7023 413
7024 238
7025 425
7026 30
7027 247
7028 11
7029 425
7030 48
7031 409
7032 11
7033 260
7034 409
7035 409
7036 260
7037 432
7038 423
7039 411
7040 409
7041 238
7042 11
7043 97
7044 409
7045 347
7046 89
7047 30
7048 11
7049 411
7050 409
7051 11
7052 411
7053 11
7054 411
7055 29
7056 348
7057 268
7058 16
7059 29
7060 347
7061 29
7062 25
7063 260
7064 418
7065 260
7066 11
7067 30
7068 29
7069 257
7070 11
7071 11
7072 347
7073 257
7074 268
7075 409
7076 411
7077 409
7078 11
7079 25
7080 411
7081 30
7082 89
7083 409
7084 411
7085 25
7086 340
7087 343
7088 25
7089 411
7090 257
7091 260
7092 260
7093 30
7094 412
7095 257
7096 89
7097 409
7098 30
7099 238
7100 409
7101 347
7102 29
7103 30
7104 411
7105 347
7106 50
7107 29
7108 25
7109 411
7110 97
7111 11
7112 45
7113 52
7114 30
7115 409
7116 247
7117 347
7118 413
7119 238
7120 411
7121 409
7122 411
7123 347
7124 25
7125 50
7126 29
7127 50
7128 238
7129 29
7130 409
7131 30
7132 347
7133 25
7134 249
7135 97
7136 89
7137 50
7138 347
7139 347
7140 97
7141 343
7142 347
7143 411
7144 409
7145 29
7146 30
7147 257
7148 268
7149 347
7150 421
7151 89
7152 409
7153 30
7154 30
7155 89
7156 409
7157 11
7158 50
7159 50
7160 89
7161 25
7162 425
7163 347
7164 241
7165 268
7166 11
7167 260
7168 30
7169 425
7170 25
7171 30
7172 257
7173 409
7174 84
7175 257
7176 411
7177 246
7178 11
7179 29
7180 30
7181 11
7182 409
7183 29
7184 418
7185 238
7186 29
7187 11
7188 425
7189 238
7190 409
7191 30
7192 11
7193 11
7194 11
7195 411
7196 30
7197 409
7198 409
7199 262
7200 11
7201 50
7202 11
7203 268
7204 29
7205 257
7206 411
7207 51
7208 25
7209 45
7210 431
7211 11
7212 30
7213 257
7214 11
7215 347
7216 268
7217 25
7218 257
7219 409
7220 89
7221 30
7222 11
7223 11
7224 243
7225 431
7226 30
7227 97
7228 412
7229 97
7230 29
7231 2
7232 257
7233 97
7234 260
7235 238
7236 30
7237 29
7238 409
7239 409
7240 30
7241 268
7242 260
7243 97
7244 45
7245 409
7246 347
7247 50
7248 89
7249 260
7250 347
7251 347
7252 431
7253 411
7254 11
7255 409
7256 97
7257 347
7258 89
7259 347
7260 30
7261 411
7262 409
7263 30
7264 97
7265 260
7266 411
7267 30
7268 30
7269 412
7270 268
7271 257
7272 409
7273 413
7274 30
7275 238
7276 241
7277 29
7278 409
7279 30
7280 30
7281 30
7282 241
7283 424
7284 29
7285 409
7286 241
7287 11
7288 238
7289 268
7290 247
7291 238
7292 423
7293 409
7294 412
7295 409
7296 50
7297 11
7298 409
7299 409
7300 347
7301 247
7302 25
7303 409
7304 347
7305 413
7306 409
7307 412
7308 257
7309 260
7310 69
7311 30
7312 347
7313 347
7314 347
7315 29
7316 260
7317 2
7318 409
7319 411
7320 409
7321 412
7322 409
7323 52
7324 11
7325 241
7326 409
7327 347
7328 260
7329 268
7330 257
7331 411
7332 16
7333 48
7334 409
7335 411
7336 409
7337 347
7338 347
7339 347
7340 347
7341 343
7342 411
7343 409
7344 423
7345 409
7346 30
7347 97
7348 347
7349 257
7350 348
7351 268
7352 409
7353 29
7354 409
7355 409
7356 409
7357 409
7358 268
7359 260
7360 29
7361 238
7362 45
7363 11
7364 409
7365 409
7366 413
7367 409
7368 30
7369 409
7370 347
7371 48
7372 409
7373 412
7374 45
7375 29
7376 25
7377 72
7378 30
7379 30
7380 246
7381 409
7382 409
7383 424
7384 50
7385 347
7386 347
7387 30
7388 97
7389 413
7390 11
7391 25
7392 347
7393 347
7394 29
7395 30
7396 418
7397 48
7398 409
7399 418
7400 409
7401 30
7402 16
7403 347
7404 409
7405 412
7406 409
7407 260
7408 11
7409 29
7410 268
7411 238
7412 29
7413 347
7414 409
7415 257
7416 30
7417 409
7418 411
7419 15
7420 477
7421 30
7422 431
7423 241
7424 30
7425 2
7426 355
7427 412
7428 29
7429 409
7430 30
7431 29
7432 89
7433 409
7434 260
7435 413
7436 424
7437 260
7438 409
7439 409
7440 347
7441 30
7442 30
7443 50
7444 413
7445 257
7446 418
7447 50
7448 413
7449 241
7450 11
7451 30
7452 50
7453 25
7454 409
7455 29
7456 11
7457 347
7458 29
7459 52
7460 411
7461 89
7462 222
7463 30
7464 347
7465 30
7466 409
7467 411
7468 30
7469 29
7470 48
7471 11
7472 409
7473 409
7474 45
7475 347
7476 257
7477 25
7478 411
7479 409
7480 409
7481 45
7482 11
7483 347
7484 238
7485 11
7486 257
7487 409
7488 268
7489 409
7490 425
7491 347
7492 30
7493 260
7494 409
7495 409
7496 409
7497 69
7498 409
7499 411
7500 29
7501 413
7502 260
7503 260
7504 84
7505 97
7506 347
7507 347
7508 30
7509 16
7510 11
7511 29
7512 411
7513 11
7514 409
7515 48
7516 347
7517 415
7518 409
7519 260
7520 413
7521 347
7522 16
7523 11
7524 11
7525 409
7526 415
7527 260
7528 413
7529 409
7530 409
7531 257
7532 409
7533 411
7534 409
7535 29
7536 347
7537 347
7538 347
7539 347
7540 411
7541 30
7542 260
7543 411
7544 260
7545 11
7546 409
7547 268
7548 25
7549 415
7550 241
7551 30
7552 411
7553 268
7554 260
7555 50
7556 411
7557 241
7558 260
7559 260
7560 413
7561 411
7562 412
7563 29
7564 411
7565 421
7566 84
7567 347
7568 409
7569 409
7570 260
7571 340
7572 30
7573 29
7574 260
7575 268
7576 409
7577 268
7578 29
7579 11
7580 347
7581 478
7582 427
7583 97
7584 5
7585 52
7586 421
7587 243
