5691 416
5692 250
5693 247
5694 377
5695 416
5696 416
5697 418
5698 250
5699 418
5700 416
5701 199
5702 247
5703 416
5704 44
5705 377
5706 39
5707 119
5708 44
5709 224
5710 377
5711 20
5712 416
5713 250
5714 377
5715 350
5716 419
5717 199
5718 418
5719 420
5720 416
5721 418
5722 29
5723 29
5724 377
5725 238
5726 377
5727 250
5728 121
5729 377
5730 485
5731 418
5732 90
5733 48
5734 416
5735 250
5736 187
5737 418
5738 385
5739 422
5740 377
5741 238
5742 416
5743 416
5744 78
5745 377
5746 416
5747 377
5748 37
5749 431
5750 247
5751 432
5752 418
5753 416
5754 378
5755 48
5756 238
5757 346
5758 418
5759 486
5760 29
5761 416
5762 44
5763 385
5764 2
5765 418
5766 221
5767 423
5768 73
5769 93
5770 416
5771 232
5772 6
5773 221
5774 385
5775 93
5776 78
5777 44
5778 416
5779 418
5780 44
5781 37
5782 199
5783 418
5784 93
5785 228
5786 432
5787 78
5788 250
5789 93
5790 377
5791 418
5792 256
5793 29
5794 418
5795 416
5796 48
5797 238
5798 418
5799 377
5800 418
5801 48
5802 418
5803 228
5804 487
5805 29
5806 238
5807 377
5808 424
5809 377
5810 238
5811 418
5812 224
5813 418
5814 73
5815 78
5816 78
5817 93
5818 93
5819 36
5820 119
5821 377
5822 238
5823 416
5824 377
5825 93
5826 230
5827 2
5828 416
5829 238
5830 93
5831 418
5832 416
5833 416
5834 418
5835 90
5836 377
5837 78
5838 416
5839 432
5840 93
5841 48
5842 418
5843 78
5844 418
5845 377
5846 418
5847 247
5848 44
5849 427
5850 78
5851 432
5852 199
5853 238
5854 78
5855 238
5856 39
5857 416
5858 93
5859 377
5860 62
5861 78
5862 350
5863 238
5864 250
5865 416
5866 377
5867 378
5868 377
5869 418
5870 228
5871 377
5872 78
5873 62
5874 418
5875 78
5876 416
5877 418
5878 224
5879 93
5880 39
5881 78
5882 418
5883 377
5884 418
5885 93
5886 418
5887 258
5888 78
5889 418
5890 377
5891 43
5892 256
5893 43
5894 418
5895 93
5896 35
5897 2
5898 247
5899 416
5900 418
5901 416
5902 416
5903 228
5904 416
5905 416
5906 418
5907 238
5908 418
5909 16
5910 238
5911 420
5912 417
5913 416
5914 416
5915 88
5916 377
5917 232
5918 37
5919 232
5920 377
5921 416
5922 377
5923 238
5924 431
5925 44
5926 238
5927 416
5928 416
5929 377
5930 418
5931 2
5932 416
5933 238
5934 418
5935 247
5936 29
5937 416
5938 238
5939 72
5940 88
5941 350
5942 103
5943 377
5944 235
5945 232
5946 250
5947 416
5948 256
5949 238
5950 29
5951 418
5952 377
5953 48
5954 418
5955 416
5956 48
5957 16
5958 416
5959 232
5960 93
5961 78
5962 78
5963 418
5964 224
5965 377
5966 427
5967 78
5968 48
5969 377
5970 78
5971 238
5972 418
5973 416
5974 78
5975 240
5976 416
5977 418
5978 418
5979 418
5980 44
5981 258
5982 259
5983 29
5984 416
5985 228
5986 238
5987 416
5988 238
5989 418
5990 377
5991 431
5992 228
5993 377
5994 37
5995 93
5996 420
5997 232
5998 377
5999 10
6000 238
6001 232
6002 119
6003 377
6004 431
6005 418
6006 385
6007 416
6008 43
6009 238
6010 420
6011 416
6012 418
6013 93
6014 78
6015 33
6016 431
6017 228
6018 62
6019 418
6020 416
6021 232
6022 37
6023 48
6024 377
6025 93
6026 418
6027 238
6028 2
6029 431
6030 78
6031 416
6032 431
6033 416
6034 48
6035 44
6036 224
6037 416
6038 250
6039 416
6040 224
6041 377
6042 418
6043 199
6044 418
6045 418
6046 232
6047 29
6048 93
6049 377
6050 418
6051 93
6052 250
6053 93
6054 377
6055 6
6056 418
6057 418
6058 238
6059 427
6060 431
6061 377
6062 418
6063 250
6064 377
6065 224
6066 418
6067 93
6068 2
6069 377
6070 424
6071 253
6072 119
6073 427
6074 418
6075 377
6076 37
6077 48
6078 93
6079 418
6080 377
6081 78
6082 431
6083 431
6084 238
6085 431
6086 6
6087 93
6088 377
6089 235
6090 418
6091 93
6092 416
6093 350
6094 431
6095 221
6096 416
6097 418
6098 93
6099 48
6100 418
6101 232
6102 418
6103 250
6104 238
6105 377
6106 44
6107 418
6108 93
6109 418
6110 48
6111 238
6112 431
6113 418
6114 228
6115 416
6116 346
6117 418
6118 431
6119 22
6120 377
6121 418
6122 78
6123 78
6124 238
6125 29
6126 20
6127 247
6128 78
6129 488
6130 418
6131 93
6132 78
6133 6
6134 43
6135 78
6136 432
6137 2
6138 377
6139 49
6140 385
6141 78
6142 232
6143 416
6144 418
6145 78
6146 78
6147 378
6148 416
6149 20
6150 378
6151 418
6152 278
6153 418
6154 48
6155 22
6156 238
6157 418
6158 88
6159 232
6160 416
6161 48
6162 377
6163 20
6164 418
6165 418
6166 418
6167 232
6168 377
6169 62
6170 377
6171 228
6172 78
6173 418
6174 427
6175 238
6176 378
6177 78
6178 29
6179 238
6180 93
6181 238
6182 432
6183 238
6184 416
6185 48
6186 78
6187 377
6188 48
6189 418
6190 418
6191 377
6192 232
6193 224
6194 377
6195 78
6196 48
6197 238
6198 247
6199 418
6200 418
6201 247
6202 416
6203 377
6204 416
6205 377
6206 238
6207 420
6208 93
6209 48
6210 29
6211 377
6212 238
6213 93
6214 416
6215 49
6216 48
6217 416
6218 416
6219 418
6220 238
6221 416
6222 44
6223 377
6224 418
6225 93
6226 377
6227 489
6228 74
6229 377
6230 228
6231 238
6232 57
6233 35
6234 223
6235 44
6236 418
6237 78
6238 416
6239 44
6240 424
6241 238
6242 385
6243 432
6244 377
6245 224
6246 418
6247 20
6248 35
6249 93
6250 267
6251 418
6252 377
6253 44
6254 416
6255 423
6256 416
6257 44
6258 44
6259 103
6260 78
6261 48
6262 221
6263 29
6264 78
6265 232
6266 44
6267 62
6268 418
6269 93
6270 416
6271 416
6272 36
6273 377
6274 8
6275 78
6276 44
6277 377
6278 416
6279 93
6280 377
6281 93
6282 418
6283 418
6284 416
6285 238
6286 161
6287 29
6288 259
6289 418
6290 247
6291 431
6292 238
6293 88
6294 418
6295 78
6296 257
6297 377
6298 350
6299 78
6300 2
6301 221
6302 25
6303 199
6304 48
6305 221
6306 377
6307 418
6308 416
6309 93
6310 416
6311 490
6312 418
6313 346
6314 238
6315 238
6316 418
6317 2
6318 418
6319 2
6320 78
6321 423
6322 235
6323 416
6324 238
6325 377
6326 238
6327 418
6328 418
6329 418
6330 416
6331 29
6332 377
6333 78
6334 431
6335 93
6336 10
6337 72
6338 232
6339 78
6340 416
6341 78
6342 378
6343 418
6344 418
6345 2
6346 221
6347 247
6348 238
6349 2
6350 416
6351 416
6352 377
6353 49
6354 16
6355 29
6356 238
6357 377
6358 439
6359 418
6360 377
6361 378
6362 377
6363 2
6364 377
6365 78
6366 416
6367 420
6368 418
6369 420
6370 385
6371 416
6372 418
6373 230
6374 418
6375 238
6376 431
6377 420
6378 416
6379 416
6380 2
6381 416
6382 416
6383 247
6384 44
6385 238
6386 78
6387 416
6388 385
6389 78
6390 346
6391 2
6392 2
6393 78
6394 2
6395 377
6396 256
6397 418
6398 418
6399 121
6400 224
6401 377
6402 416
6403 29
6404 224
6405 44
6406 37
6407 187
6408 238
6409 73
6410 491
6411 199
6412 256
6413 247
6414 416
6415 199
6416 238
6417 232
6418 29
6419 232
6420 385
6421 418
6422 78
6423 6
6424 254
6425 416
6426 88
6427 420
6428 418
6429 377
6430 256
6431 247
6432 418
6433 377
6434 78
6435 224
6436 418
6437 418
6438 44
6439 49
6440 418
6441 416
6442 238
6443 78
6444 48
6445 78
6446 232
6447 72
6448 418
6449 418
6450 78
6451 238
6452 256
6453 93
6454 256
6455 377
6456 492
6457 418
6458 377
6459 2
6460 377
6461 78
6462 20
6463 221
6464 416
6465 418
6466 418
6467 78
6468 418
6469 416
6470 350
6471 78
6472 416
6473 416
6474 16
6475 418
6476 416
6477 2
6478 2
6479 254
6480 416
6481 232
6482 418
6483 378
6484 20
6485 199
6486 93
6487 416
6488 377
6489 93
6490 377
6491 78
6492 238
6493 418
6494 418
6495 416
6496 48
6497 418
6498 416
6499 93
6500 78
6501 232
6502 418
6503 377
6504 346
6505 221
6506 228
6507 377
6508 431
6509 238
6510 418
6511 377
6512 238
6513 35
6514 221
6515 416
6516 418
6517 377
6518 20
6519 93
6520 78
6521 93
6522 1
6523 232
6524 416
6525 377
6526 16
6527 2
6528 416
6529 250
6530 238
6531 416
6532 418
6533 199
6534 418
6535 377
6536 52
6537 62
6538 236
6539 78
6540 78
6541 418
6542 93
6543 230
6544 2
6545 431
6546 427
6547 416
6548 418
6549 431
6550 235
6551 2
6552 416
6553 418
6554 493
6555 238
6556 418
6557 416
6558 377
6559 48
6560 267
6561 199
6562 416
6563 37
6564 93
6565 103
6566 78
6567 37
6568 44
6569 93
6570 256
6571 431
6572 235
6573 20
6574 418
6575 416
6576 418
6577 267
6578 377
6579 377
6580 78
6581 78
6582 378
6583 232
6584 228
6585 78
6586 238
6587 416
6588 377
6589 20
6590 418
6591 418
6592 250
6593 29
6594 29
6595 416
6596 39
6597 346
6598 418
6599 420
6600 93
6601 377
6602 418
6603 238
6604 2
6605 416
6606 424
6607 48
6608 238
6609 57
6610 238
6611 247
6612 418
6613 93
6614 93
6615 432
6616 377
6617 78
6618 418
6619 418
6620 78
6621 247
6622 431
6623 29
6624 88
6625 232
6626 416
6627 48
6628 238
6629 439
6630 377
6631 247
6632 37
6633 377
6634 228
6635 419
6636 62
6637 377
6638 377
6639 57
6640 431
6641 418
6642 29
6643 256
6644 418
6645 377
6646 230
6647 238
6648 238
6649 416
6650 39
6651 238
6652 259
6653 250
6654 78
6655 228
6656 43
6657 377
6658 44
6659 48
6660 78
6661 346
6662 418
6663 418
6664 2
6665 2
6666 93
6667 377
6668 418
6669 93
6670 31
6671 418
6672 418
6673 427
6674 416
6675 37
6676 418
6677 418
6678 93
6679 93
6680 78
6681 49
6682 378
6683 15
6684 43
6685 238
6686 2
6687 418
6688 256
6689 377
6690 93
6691 418
6692 238
6693 377
6694 418
6695 232
6696 416
6697 418
6698 416
6699 15
6700 48
6701 93
6702 418
6703 431
6704 432
6705 377
6706 418
6707 93
6708 416
6709 418
6710 418
6711 417
6712 93
6713 62
6714 418
6715 416
6716 416
6717 416
6718 416
6719 221
6720 416
6721 420
6722 418
6723 238
6724 416
6725 2
6726 416
6727 377
6728 44
6729 416
6730 418
6731 416
6732 416
6733 253
6734 228
6735 93
6736 424
6737 2
6738 420
6739 377
6740 22
6741 416
6742 416
6743 2
6744 416
6745 418
6746 238
6747 416
6748 48
6749 238
6750 44
6751 416
6752 377
6753 416
6754 416
6755 416
6756 238
6757 78
6758 44
6759 48
6760 78
6761 432
6762 238
6763 221
6764 418
6765 48
6766 377
6767 385
6768 78
6769 418
6770 418
6771 57
6772 2
6773 432
6774 416
6775 418
6776 238
6777 431
6778 377
6779 346
6780 377
6781 416
6782 418
6783 418
6784 416
6785 377
6786 161
6787 418
6788 238
6789 416
6790 431
6791 431
6792 416
6793 418
6794 416
6795 88
6796 431
6797 418
6798 418
6799 37
6800 29
6801 238
6802 62
6803 418
6804 416
6805 10
6806 418
6807 258
6808 418
6809 224
6810 416
6811 247
6812 16
6813 93
6814 377
6815 416
6816 346
6817 247
6818 416
6819 418
6820 416
6821 250
6822 418
6823 418
6824 416
6825 418
6826 416
6827 44
6828 432
6829 377
6830 416
6831 2
6832 418
6833 350
6834 6
6835 377
6836 49
6837 221
6838 377
6839 431
6840 418
6841 416
6842 494
6843 377
6844 377
6845 48
6846 350
6847 418
6848 418
6849 16
6850 420
6851 418
6852 377
6853 418
6854 230
6855 238
6856 416
6857 78
6858 416
6859 418
6860 93
6861 228
6862 238
6863 78
6864 432
6865 377
6866 10
6867 247
6868 2
6869 416
6870 78
6871 35
6872 416
6873 224
6874 420
6875 78
6876 39
6877 259
6878 416
6879 416
6880 78
6881 377
6882 418
6883 350
6884 378
6885 418
6886 48
6887 238
6888 31
6889 224
6890 2
6891 418
6892 238
6893 78
6894 385
6895 416
6896 93
6897 238
6898 221
6899 232
6900 377
6901 250
6902 385
6903 416
6904 232
6905 44
6906 418
6907 93
6908 418
6909 93
6910 49
6911 416
6912 377
6913 418
6914 256
6915 161
6916 232
6917 416
6918 418
6919 78
6920 416
6921 39
6922 93
6923 221
6924 78
6925 377
6926 416
6927 431
6928 253
6929 247
6930 418
6931 78
6932 377
6933 418
6934 29
6935 238
6936 48
6937 418
6938 418
6939 418
6940 258
6941 418
6942 418
6943 416
6944 416
6945 235
6946 44
6947 93
6948 2
6949 416
6950 29
6951 238
6952 238
6953 44
6954 431
6955 49
6956 2
6957 377
6958 377
6959 256
6960 418
6961 377
6962 431
6963 431
6964 418
6965 238
6966 377
6967 418
6968 377
6969 418
6970 416
6971 238
6972 377
6973 224
6974 253
6975 235
6976 346
6977 377
6978 238
6979 416
6980 238
6981 78
6982 378
6983 418
6984 385
6985 416
6986 346
6987 232
6988 377
6989 232
6990 93
6991 228
6992 2
6993 416
6994 238
6995 62
6996 418
6997 2
6998 418
6999 431
7000 49
7001 66
7002 377
7003 258
7004 33
7005 90
7006 93
7007 224
7008 418
7009 88
7010 250
7011 29
7012 93
7013 52
7014 416
7015 416
7016 431
7017 377
7018 418
7019 238
7020 416
7021 416
7022 78
7023 420
7024 161
7025 44
7026 418
7027 418
7028 238
7029 427
7030 16
7031 416
7032 432
7033 78
7034 416
7035 416
7036 78
7037 73
7038 62
7039 44
7040 416
7041 37
7042 432
7043 2
7044 416
7045 247
7046 2
7047 418
7048 238
7049 44
7050 416
7051 238
7052 93
7053 238
7054 93
7055 418
7056 78
7057 431
7058 385
7059 418
7060 377
7061 235
7062 29
7063 78
7064 232
7065 78
7066 238
7067 418
7068 418
7069 16
7070 238
7071 432
7072 377
7073 48
7074 6
7075 416
7076 93
7077 416
7078 238
7079 29
7080 44
7081 418
7082 199
7083 416
7084 93
7085 29
7086 245
7087 256
7088 29
7089 93
7090 48
7091 243
7092 78
7093 418
7094 350
7095 48
7096 250
7097 416
7098 418
7099 264
7100 416
7101 377
7102 418
7103 418
7104 93
7105 247
7106 424
7107 418
7108 29
7109 93
7110 2
7111 238
7112 221
7113 221
7114 418
7115 416
7116 10
7117 377
7118 420
7119 37
7120 93
7121 416
7122 93
7123 377
7124 29
7125 228
7126 418
7127 20
7128 37
7129 235
7130 416
7131 418
7132 247
7133 29
7134 370
7135 2
7136 199
7137 49
7138 258
7139 247
7140 2
7141 256
7142 377
7143 93
7144 416
7145 418
7146 418
7147 48
7148 221
7149 377
7150 228
7151 258
7152 416
7153 418
7154 418
7155 250
7156 416
7157 238
7158 424
7159 228
7160 250
7161 29
7162 427
7163 377
7164 377
7165 431
7166 238
7167 78
7168 418
7169 6
7170 29
7171 418
7172 48
7173 416
7174 267
7175 48
7176 93
7177 422
7178 238
7179 418
7180 418
7181 432
7182 416
7183 418
7184 232
7185 264
7186 418
7187 238
7188 431
7189 161
7190 416
7191 418
7192 238
7193 238
7194 238
7195 16
7196 418
7197 416
7198 416
7199 432
7200 238
7201 49
7202 238
7203 431
7204 418
7205 48
7206 37
7207 377
7208 29
7209 224
7210 226
7211 238
7212 418
7213 48
7214 238
7215 247
7216 427
7217 29
7218 424
7219 416
7220 2
7221 418
7222 238
7223 238
7224 161
7225 224
7226 418
7227 2
7228 350
7229 2
7230 418
7231 278
7232 48
7233 2
7234 78
7235 161
7236 418
7237 418
7238 416
7239 416
7240 418
7241 431
7242 78
7243 2
7244 224
7245 416
7246 377
7247 49
7248 199
7249 78
7250 377
7251 377
7252 224
7253 16
7254 238
7255 416
7256 2
7257 377
7258 2
7259 377
7260 418
7261 90
7262 416
7263 418
7264 2
7265 78
7266 93
7267 418
7268 418
7269 350
7270 431
7271 48
7272 416
7273 420
7274 418
7275 37
7276 377
7277 418
7278 416
7279 418
7280 418
7281 418
7282 377
7283 15
7284 235
7285 416
7286 377
7287 432
7288 37
7289 431
7290 495
7291 37
7292 224
7293 416
7294 378
7295 416
7296 424
7297 238
7298 416
7299 39
7300 247
7301 377
7302 29
7303 416
7304 377
7305 420
7306 416
7307 431
7308 257
7309 78
7310 29
7311 418
7312 377
7313 247
7314 377
7315 418
7316 78
7317 103
7318 416
7319 93
7320 416
7321 350
7322 416
7323 432
7324 238
7325 377
7326 416
7327 247
7328 78
7329 6
7330 20
7331 93
7332 385
7333 44
7334 416
7335 93
7336 39
7337 247
7338 377
7339 377
7340 258
7341 252
7342 93
7343 416
7344 224
7345 416
7346 418
7347 2
7348 377
7349 48
7350 496
7351 6
7352 416
7353 418
7354 416
7355 416
7356 416
7357 416
7358 431
7359 78
7360 418
7361 264
7362 224
7363 278
7364 416
7365 416
7366 420
7367 416
7368 418
7369 39
7370 377
7371 62
7372 416
7373 350
7374 224
7375 418
7376 29
7377 90
7378 418
7379 418
7380 431
7381 416
7382 416
7383 36
7384 424
7385 377
7386 377
7387 418
7388 46
7389 18
7390 238
7391 29
7392 377
7393 377
7394 418
7395 418
7396 232
7397 62
7398 416
7399 232
7400 416
7401 418
7402 385
7403 377
7404 416
7405 378
7406 416
7407 78
7408 238
7409 221
7410 431
7411 37
7412 418
7413 377
7414 416
7415 48
7416 418
7417 416
7418 93
7419 17
7420 40
7421 418
7422 57
7423 119
7424 418
7425 238
7426 418
7427 350
7428 235
7429 416
7430 418
7431 418
7432 250
7433 416
7434 78
7435 420
7436 36
7437 232
7438 39
7439 416
7440 377
7441 418
7442 418
7443 424
7444 420
7445 62
7446 232
7447 88
7448 420
7449 377
7450 238
7451 418
7452 424
7453 29
7454 416
7455 221
7456 238
7457 377
7458 221
7459 432
7460 93
7461 250
7462 228
7463 418
7464 377
7465 418
7466 416
7467 93
7468 418
7469 254
7470 10
7471 238
7472 416
7473 416
7474 253
7475 377
7476 48
7477 29
7478 44
7479 416
7480 416
7481 224
7482 238
7483 377
7484 264
7485 238
7486 48
7487 416
7488 6
7489 416
7490 431
7491 377
7492 418
7493 78
7494 416
7495 416
7496 416
7497 29
7498 416
7499 93
7500 418
7501 420
7502 78
7503 78
7504 385
7505 221
7506 377
7507 377
7508 418
7509 385
7510 238
7511 235
7512 90
7513 432
7514 416
7515 20
7516 377
7517 346
7518 416
7519 78
7520 420
7521 247
7522 2
7523 238
7524 238
7525 416
7526 346
7527 78
7528 420
7529 416
7530 416
7531 48
7532 416
7533 93
7534 416
7535 418
7536 377
7537 247
7538 377
7539 377
7540 93
7541 418
7542 78
7543 44
7544 78
7545 238
7546 416
7547 431
7548 29
7549 350
7550 377
7551 418
7552 93
7553 431
7554 78
7555 245
7556 93
7557 377
7558 78
7559 78
7560 420
7561 93
7562 350
7563 418
7564 93
7565 228
7566 385
7567 247
7568 416
7569 416
7570 78
7571 254
7572 418
7573 418
7574 78
7575 431
7576 416
7577 431
7578 418
7579 238
7580 377
7581 103
7582 44
7583 2
7584 18
7585 250
7586 497
7587 18
